1	0	0.0
2	0	0.0
3	0	0.0
4	1	1.0
5	0	0.0
6	2	2.0
7	0	0.0
8	0	0.0
9	0	0.0
10	1	0.0
11	2	0.0
12	0	1.0
13	1	1.0
14	2	2.0
15	0	0.0
16	0	0.0
17	2	0.0
18	1	1.0
19	1	1.0
20	2	0.0
21	0	0.0
22	0	0.0
23	2	0.0
24	0	0.0
25	1	0.0
26	0	1.0
27	0	0.0
28	0	0.0
29	0	0.0
30	0	0.0
31	1	1.0
32	0	0.0
33	0	1.0
34	0	0.0
35	0	0.0
36	0	0.0
37	0	0.0
38	1	0.0
39	2	2.0
40	1	0.0
41	2	2.0
42	0	0.0
43	2	0.0
44	0	0.0
45	1	0.0
46	0	0.0
47	0	0.0
48	0	0.0
49	0	0.0
50	1	1.0
51	0	0.0
52	0	0.0
53	0	0.0
54	0	1.0
55	0	0.0
56	0	0.0
57	1	0.0
58	0	0.0
59	0	0.0
60	1	0.0
61	0	0.0
62	1	0.0
63	0	0.0
64	0	0.0
65	1	0.0
66	1	1.0
67	0	0.0
68	0	0.0
69	0	0.0
70	2	2.0
71	0	0.0
72	0	0.0
73	0	0.0
74	0	0.0
75	1	1.0
76	2	2.0
77	0	0.0
78	0	0.0
79	0	0.0
80	1	0.0
81	1	1.0
82	2	2.0
83	1	1.0
84	2	2.0
85	0	0.0
86	2	2.0
87	1	1.0
88	1	1.0
89	1	1.0
90	1	0.0
91	0	0.0
92	0	0.0
93	1	1.0
94	2	0.0
95	1	1.0
96	0	1.0
97	1	0.0
98	0	0.0
99	1	0.0
100	1	0.0
101	1	1.0
102	0	0.0
103	0	1.0
104	1	1.0
105	0	0.0
106	0	0.0
107	0	0.0
108	0	0.0
109	1	1.0
110	1	1.0
111	0	0.0
112	2	2.0
113	2	0.0
114	0	1.0
115	0	0.0
116	1	0.0
117	0	1.0
118	2	0.0
119	1	1.0
120	1	0.0
121	2	0.0
122	0	0.0
123	0	0.0
124	0	0.0
125	0	0.0
126	0	0.0
127	1	1.0
128	1	1.0
129	2	2.0
130	1	1.0
131	0	0.0
132	0	0.0
133	0	0.0
134	0	1.0
135	2	0.0
136	0	1.0
137	0	0.0
138	2	0.0
139	0	0.0
140	0	0.0
141	0	0.0
142	1	1.0
143	0	0.0
144	1	1.0
145	0	0.0
146	0	1.0
147	0	0.0
148	0	0.0
149	0	0.0
150	0	0.0
151	0	1.0
152	0	0.0
153	0	0.0
154	0	0.0
155	1	1.0
156	1	1.0
157	0	0.0
158	0	0.0
159	0	0.0
160	0	0.0
161	0	0.0
162	0	0.0
163	0	0.0
164	0	0.0
165	1	1.0
166	0	0.0
167	0	0.0
168	0	0.0
169	2	0.0
170	0	0.0
171	0	0.0
172	0	0.0
173	0	0.0
174	0	0.0
175	1	1.0
176	1	1.0
177	2	0.0
178	0	0.0
179	0	0.0
180	0	0.0
181	0	0.0
182	1	1.0
183	1	1.0
184	1	0.0
185	0	0.0
186	0	0.0
187	0	0.0
188	0	0.0
189	2	2.0
190	0	1.0
191	2	2.0
192	0	1.0
193	2	2.0
194	0	0.0
195	1	1.0
196	0	0.0
197	0	0.0
198	0	0.0
199	1	1.0
200	0	0.0
201	0	0.0
202	0	0.0
203	0	0.0
204	0	0.0
205	0	0.0
206	0	0.0
207	0	0.0
208	0	0.0
209	0	0.0
210	1	1.0
211	0	0.0
212	1	1.0
213	1	1.0
214	0	0.0
215	1	0.0
216	0	0.0
217	0	0.0
218	0	0.0
219	0	0.0
220	0	0.0
221	1	1.0
222	2	2.0
223	0	1.0
224	0	0.0
225	0	0.0
226	2	0.0
227	1	1.0
228	1	1.0
229	0	0.0
230	0	0.0
231	0	1.0
232	1	1.0
233	0	0.0
234	0	0.0
235	1	1.0
236	1	0.0
237	2	2.0
238	0	0.0
239	0	0.0
240	0	0.0
241	2	0.0
242	0	0.0
243	2	2.0
244	0	0.0
245	0	0.0
246	1	1.0
247	0	0.0
248	0	0.0
249	2	2.0
250	2	0.0
251	0	0.0
252	2	0.0
253	1	1.0
254	1	1.0
255	0	0.0
256	0	0.0
257	0	0.0
258	0	0.0
259	2	2.0
260	0	1.0
261	0	0.0
262	0	0.0
263	0	0.0
264	1	1.0
265	2	2.0
266	0	1.0
267	0	0.0
268	0	0.0
269	0	0.0
270	0	0.0
271	0	0.0
272	1	1.0
273	2	0.0
274	0	0.0
275	0	0.0
276	0	0.0
277	2	2.0
278	0	0.0
279	0	1.0
280	0	0.0
281	0	0.0
282	0	1.0
283	0	0.0
284	0	1.0
285	1	1.0
286	0	1.0
287	0	0.0
288	0	0.0
289	0	0.0
290	1	0.0
291	0	0.0
292	0	1.0
293	0	0.0
294	0	0.0
295	0	0.0
296	1	0.0
297	0	0.0
298	2	2.0
299	0	0.0
300	0	0.0
301	0	0.0
302	0	0.0
303	0	0.0
304	0	0.0
305	0	0.0
306	0	0.0
307	1	1.0
308	0	1.0
309	1	1.0
310	2	2.0
311	1	1.0
312	0	0.0
313	1	1.0
314	1	1.0
315	1	1.0
316	2	2.0
317	0	0.0
318	0	0.0
319	0	0.0
320	1	1.0
321	0	0.0
322	0	0.0
323	0	0.0
324	0	0.0
325	1	0.0
326	1	1.0
327	2	0.0
328	0	0.0
329	1	1.0
330	0	0.0
331	0	0.0
332	0	0.0
333	0	0.0
334	0	0.0
335	0	0.0
336	0	0.0
337	0	0.0
338	1	1.0
339	0	1.0
340	1	1.0
341	0	0.0
342	1	1.0
343	0	0.0
344	0	1.0
345	0	0.0
346	0	0.0
347	0	0.0
348	0	0.0
349	1	1.0
350	0	0.0
351	1	1.0
352	0	0.0
353	0	0.0
354	1	0.0
355	2	0.0
356	1	0.0
357	2	0.0
358	0	0.0
359	0	0.0
360	0	0.0
361	0	0.0
362	0	0.0
363	0	0.0
364	0	1.0
365	0	0.0
366	0	0.0
367	0	0.0
368	1	1.0
369	2	0.0
370	0	1.0
371	0	0.0
372	0	0.0
373	0	0.0
374	0	0.0
375	1	1.0
376	0	0.0
377	1	1.0
378	0	0.0
379	0	0.0
380	0	0.0
381	0	0.0
382	1	0.0
383	0	1.0
384	1	1.0
385	0	0.0
386	1	0.0
387	0	0.0
388	1	0.0
389	2	0.0
390	2	2.0
391	0	0.0
392	0	0.0
393	1	0.0
394	0	0.0
395	0	0.0
396	0	0.0
397	0	1.0
398	0	0.0
399	0	0.0
400	0	0.0
401	0	0.0
402	0	0.0
403	1	0.0
404	2	2.0
405	0	0.0
406	0	0.0
407	0	0.0
408	0	0.0
409	1	1.0
410	0	0.0
411	2	2.0
412	0	0.0
413	0	0.0
414	0	0.0
415	1	1.0
416	2	0.0
417	1	0.0
418	1	0.0
419	2	0.0
420	0	0.0
421	0	0.0
422	0	0.0
423	0	1.0
424	1	0.0
425	2	0.0
426	0	0.0
427	0	0.0
428	0	0.0
429	2	2.0
430	1	0.0
431	0	0.0
432	0	0.0
433	0	0.0
434	0	0.0
435	0	0.0
436	0	0.0
437	1	1.0
438	0	1.0
439	0	1.0
440	0	0.0
441	0	0.0
442	0	0.0
443	1	0.0
444	2	0.0
445	1	1.0
446	0	0.0
447	0	0.0
448	2	2.0
449	0	0.0
450	1	0.0
451	1	1.0
452	0	0.0
453	0	0.0
454	0	0.0
455	1	1.0
456	2	2.0
457	1	1.0
458	0	0.0
459	2	0.0
460	2	1.0
461	0	1.0
462	0	0.0
463	0	0.0
464	0	0.0
465	0	0.0
466	1	1.0
467	1	1.0
468	0	1.0
469	0	0.0
470	0	0.0
471	0	0.0
472	1	1.0
473	2	2.0
474	0	0.0
475	1	1.0
476	0	0.0
477	0	0.0
478	1	0.0
479	1	1.0
480	1	1.0
481	0	0.0
482	0	0.0
483	0	0.0
484	0	0.0
485	0	0.0
486	2	1.0
487	0	1.0
488	0	0.0
489	0	0.0
490	0	1.0
491	2	2.0
492	1	1.0
493	1	0.0
494	0	0.0
495	1	0.0
496	0	0.0
497	1	0.0
498	2	2.0
499	1	1.0
500	1	0.0
501	0	0.0
502	0	0.0
503	0	0.0
504	1	1.0
505	2	1.0
506	0	0.0
507	0	0.0
508	0	0.0
509	0	0.0
510	1	1.0
511	1	1.0
512	0	0.0
513	0	0.0
514	0	0.0
515	1	1.0
516	0	0.0
517	0	0.0
518	0	0.0
519	0	0.0
520	0	0.0
521	0	0.0
522	0	1.0
523	1	1.0
524	2	0.0
525	0	0.0
526	0	0.0
527	1	1.0
528	0	1.0
529	1	1.0
530	2	2.0
531	0	0.0
532	1	1.0
533	0	0.0
534	0	0.0
535	0	0.0
536	1	1.0
537	2	2.0
538	0	1.0
539	2	2.0
540	0	1.0
541	0	0.0
542	0	0.0
543	0	0.0
544	1	1.0
545	0	0.0
546	1	1.0
547	1	1.0
548	0	0.0
549	0	0.0
550	0	0.0
551	0	0.0
552	1	1.0
553	0	0.0
554	0	0.0
555	1	1.0
556	0	0.0
557	0	0.0
558	0	0.0
559	1	0.0
560	2	2.0
561	2	2.0
562	0	0.0
563	0	0.0
564	0	0.0
565	1	1.0
566	1	0.0
567	2	0.0
568	2	2.0
569	2	1.0
570	0	0.0
571	0	0.0
572	0	0.0
573	0	1.0
574	1	1.0
575	2	2.0
576	1	0.0
577	2	2.0
578	0	0.0
579	0	0.0
580	0	0.0
581	1	1.0
582	1	1.0
583	2	2.0
584	0	0.0
585	0	0.0
586	2	0.0
587	1	1.0
588	0	1.0
589	0	0.0
590	0	0.0
591	1	1.0
592	1	1.0
593	0	0.0
594	0	0.0
595	0	0.0
596	0	0.0
597	2	2.0
598	0	0.0
599	0	0.0
600	0	0.0
601	1	1.0
602	0	0.0
603	0	0.0
604	2	2.0
605	0	0.0
606	0	0.0
607	0	0.0
608	0	0.0
609	0	0.0
610	1	0.0
611	2	2.0
612	0	0.0
613	0	0.0
614	2	2.0
615	1	1.0
616	2	2.0
617	2	0.0
618	0	0.0
619	1	1.0
620	2	2.0
621	1	1.0
622	0	0.0
623	0	0.0
624	1	0.0
625	2	2.0
626	1	0.0
627	0	0.0
628	2	2.0
629	2	2.0
630	0	0.0
631	0	0.0
632	2	2.0
633	1	1.0
634	0	0.0
635	0	0.0
636	0	0.0
637	0	0.0
638	1	1.0
639	2	2.0
640	1	1.0
641	2	2.0
642	1	0.0
643	2	2.0
644	2	0.0
645	0	0.0
646	2	2.0
647	0	0.0
648	0	0.0
649	2	0.0
650	2	2.0
651	0	0.0
652	0	0.0
653	2	2.0
654	1	1.0
655	0	0.0
656	0	0.0
657	1	0.0
658	0	1.0
659	1	0.0
660	2	2.0
661	0	0.0
662	0	0.0
663	0	0.0
664	0	0.0
665	1	1.0
666	2	2.0
667	2	2.0
668	0	0.0
669	0	0.0
670	0	0.0
671	0	0.0
672	0	1.0
673	2	0.0
674	0	1.0
675	1	1.0
676	2	0.0
677	0	0.0
678	1	0.0
679	1	0.0
680	2	0.0
681	0	0.0
682	1	0.0
683	0	0.0
684	1	0.0
685	1	0.0
686	2	0.0
687	2	2.0
688	1	0.0
689	0	0.0
690	1	1.0
691	1	1.0
692	2	2.0
693	1	1.0
694	1	1.0
695	1	0.0
696	2	0.0
697	1	1.0
698	1	0.0
699	1	1.0
700	1	1.0
701	2	2.0
702	0	2.0
703	1	1.0
704	2	2.0
705	0	0.0
706	2	0.0
707	0	0.0
708	0	0.0
709	0	0.0
710	1	0.0
711	0	0.0
712	2	2.0
713	0	0.0
714	0	0.0
715	0	0.0
716	2	2.0
717	0	0.0
718	0	0.0
719	1	1.0
720	1	1.0
721	1	1.0
722	0	0.0
723	1	1.0
724	2	2.0
725	0	0.0
726	0	0.0
727	0	0.0
728	2	2.0
729	0	0.0
730	0	0.0
731	1	1.0
732	2	2.0
733	1	1.0
734	0	0.0
735	0	0.0
736	0	0.0
737	0	1.0
738	1	1.0
739	2	2.0
740	0	0.0
741	0	0.0
742	0	0.0
743	1	1.0
744	1	1.0
745	0	0.0
746	0	0.0
747	0	0.0
748	1	1.0
749	0	0.0
750	0	0.0
751	1	0.0
752	1	1.0
753	2	2.0
754	2	2.0
755	0	0.0
756	0	0.0
757	0	0.0
758	2	2.0
759	1	1.0
760	2	2.0
761	1	0.0
762	0	0.0
763	0	0.0
764	0	0.0
765	0	0.0
766	0	0.0
767	0	0.0
768	0	0.0
769	1	1.0
770	0	1.0
771	0	0.0
772	0	0.0
773	1	0.0
774	0	0.0
775	0	0.0
776	0	0.0
777	2	2.0
778	0	1.0
779	0	0.0
780	0	0.0
781	0	0.0
782	0	0.0
783	2	0.0
784	0	0.0
785	0	0.0
786	1	0.0
787	1	0.0
788	0	0.0
789	0	0.0
790	1	0.0
791	0	1.0
792	1	1.0
793	1	0.0
794	0	0.0
795	0	0.0
796	0	0.0
797	1	1.0
798	2	2.0
799	2	2.0
800	2	2.0
801	1	1.0
802	2	0.0
803	1	0.0
804	0	0.0
805	1	1.0
806	0	0.0
807	1	1.0
808	0	1.0
809	2	2.0
810	0	0.0
811	0	0.0
812	2	2.0
813	0	2.0
814	0	0.0
815	1	1.0
816	1	0.0
817	1	1.0
818	0	0.0
819	1	0.0
820	0	0.0
821	1	1.0
822	0	0.0
823	0	0.0
824	0	0.0
825	0	0.0
826	0	0.0
827	0	0.0
828	2	2.0
829	1	1.0
830	2	2.0
831	1	1.0
832	1	1.0
833	0	0.0
834	1	1.0
835	0	0.0
836	1	1.0
837	1	1.0
838	0	0.0
839	0	0.0
840	2	2.0
841	0	0.0
842	2	2.0
843	1	1.0
844	2	2.0
845	0	1.0
846	1	1.0
847	0	0.0
848	1	1.0
849	0	0.0
850	1	0.0
851	0	1.0
852	1	1.0
853	0	0.0
854	0	1.0
855	0	0.0
856	2	0.0
857	0	0.0
858	0	0.0
859	2	2.0
860	1	1.0
861	2	2.0
862	2	2.0
863	1	1.0
864	1	1.0
865	2	2.0
866	0	1.0
867	0	0.0
868	0	0.0
869	0	0.0
870	0	0.0
871	1	1.0
872	2	2.0
873	2	2.0
874	0	0.0
875	0	0.0
876	0	0.0
877	0	0.0
878	1	1.0
879	2	2.0
880	0	1.0
881	1	1.0
882	0	1.0
883	0	0.0
884	1	1.0
885	0	1.0
886	2	2.0
887	0	2.0
888	1	1.0
889	0	0.0
890	0	0.0
891	0	1.0
892	0	0.0
893	1	1.0
894	2	2.0
895	0	1.0
896	0	0.0
897	0	0.0
898	1	1.0
899	0	0.0
900	0	0.0
901	1	0.0
902	1	0.0
903	2	2.0
904	2	2.0
905	0	2.0
906	0	1.0
907	2	2.0
908	0	0.0
909	0	0.0
910	0	0.0
911	1	1.0
912	1	1.0
913	2	2.0
914	1	0.0
915	2	2.0
916	0	2.0
917	0	0.0
918	1	1.0
919	1	1.0
920	2	2.0
921	0	0.0
922	0	0.0
923	0	0.0
924	1	1.0
925	0	1.0
926	0	0.0
927	0	1.0
928	0	0.0
929	0	0.0
930	0	0.0
931	0	0.0
932	0	0.0
933	0	0.0
934	2	2.0
935	0	0.0
936	0	0.0
937	1	1.0
938	0	0.0
939	0	0.0
940	2	0.0
941	0	0.0
942	1	1.0
943	2	2.0
944	1	1.0
945	2	2.0
946	0	1.0
947	1	1.0
948	0	0.0
949	1	1.0
950	1	1.0
951	1	1.0
952	1	1.0
953	1	1.0
954	0	1.0
955	0	0.0
956	1	1.0
957	2	0.0
958	0	0.0
959	0	0.0
960	0	0.0
961	2	0.0
962	0	0.0
963	0	0.0
964	2	2.0
965	0	0.0
966	0	0.0
967	0	0.0
968	0	0.0
969	0	1.0
970	2	2.0
971	0	0.0
972	0	0.0
973	0	0.0
974	0	0.0
975	0	0.0
976	1	1.0
977	2	0.0
978	0	0.0
979	1	1.0
980	2	2.0
981	0	0.0
982	0	0.0
983	0	0.0
984	0	0.0
985	0	0.0
986	0	0.0
987	1	1.0
988	0	2.0
989	0	0.0
990	2	2.0
991	0	0.0
992	0	0.0
993	0	0.0
994	1	1.0
995	1	1.0
996	0	0.0
997	0	0.0
998	0	0.0
999	0	0.0
1000	0	0.0
1001	2	2.0
1002	0	0.0
1003	2	2.0
1004	0	0.0
1005	1	1.0
1006	1	1.0
1007	1	1.0
1008	0	0.0
1009	1	1.0
1010	0	0.0
1011	0	0.0
1012	0	0.0
1013	0	0.0
1014	0	0.0
1015	0	0.0
1016	0	0.0
1017	0	0.0
1018	1	1.0
1019	0	1.0
1020	0	0.0
1021	0	0.0
1022	1	1.0
1023	0	0.0
1024	0	0.0
1025	0	0.0
1026	0	1.0
1027	2	2.0
1028	0	2.0
1029	0	0.0
1030	0	0.0
1031	1	0.0
1032	0	0.0
1033	0	1.0
1034	1	1.0
1035	2	2.0
1036	0	0.0
1037	0	0.0
1038	0	0.0
1039	1	1.0
1040	0	0.0
1041	2	2.0
1042	1	1.0
1043	0	0.0
1044	1	1.0
1045	2	0.0
1046	0	0.0
1047	0	0.0
1048	0	0.0
1049	0	1.0
1050	0	0.0
1051	0	0.0
1052	1	1.0
1053	0	0.0
1054	0	0.0
1055	1	1.0
1056	0	1.0
1057	0	0.0
1058	0	0.0
1059	0	0.0
1060	0	0.0
1061	0	0.0
1062	0	0.0
1063	0	0.0
1064	1	1.0
1065	2	2.0
1066	1	1.0
1067	0	0.0
1068	0	0.0
1069	0	0.0
1070	0	0.0
1071	2	2.0
1072	0	1.0
1073	2	2.0
1074	0	0.0
1075	0	0.0
1076	0	0.0
1077	1	0.0
1078	0	1.0
1079	1	1.0
1080	1	1.0
1081	0	0.0
1082	0	0.0
1083	0	0.0
1084	0	0.0
1085	0	0.0
1086	0	0.0
1087	1	1.0
1088	0	1.0
1089	0	0.0
1090	1	1.0
1091	0	2.0
1092	1	1.0
1093	1	1.0
1094	2	2.0
1095	1	1.0
1096	2	2.0
1097	0	0.0
1098	1	0.0
1099	1	1.0
1100	0	1.0
1101	1	1.0
1102	0	0.0
1103	0	0.0
1104	0	1.0
1105	0	1.0
1106	0	1.0
1107	0	0.0
1108	1	0.0
1109	1	0.0
1110	0	0.0
1111	2	2.0
1112	1	1.0
1113	0	0.0
1114	0	0.0
1115	1	1.0
1116	2	2.0
1117	1	1.0
1118	1	1.0
1119	0	0.0
1120	0	0.0
1121	0	0.0
1122	1	1.0
1123	1	1.0
1124	2	2.0
1125	1	1.0
1126	1	0.0
1127	0	0.0
1128	1	1.0
1129	2	2.0
1130	0	0.0
1131	2	2.0
1132	2	2.0
1133	0	0.0
1134	0	2.0
1135	0	1.0
1136	0	2.0
1137	1	1.0
1138	0	1.0
1139	0	0.0
1140	0	1.0
1141	0	0.0
1142	2	2.0
1143	2	2.0
1144	1	1.0
1145	2	2.0
1146	0	1.0
1147	0	0.0
1148	0	0.0
1149	0	0.0
1150	0	2.0
1151	1	1.0
1152	0	0.0
1153	0	1.0
1154	1	1.0
1155	2	2.0
1156	0	0.0
1157	0	0.0
1158	0	1.0
1159	1	1.0
1160	2	2.0
1161	1	1.0
1162	1	1.0
1163	2	2.0
1164	1	1.0
1165	0	0.0
1166	1	1.0
1167	1	1.0
1168	1	1.0
1169	0	0.0
1170	1	1.0
1171	1	0.0
1172	0	0.0
1173	0	0.0
1174	0	0.0
1175	1	0.0
1176	2	2.0
1177	1	1.0
1178	1	1.0
1179	2	2.0
1180	1	1.0
1181	0	2.0
1182	1	1.0
1183	0	0.0
1184	1	1.0
1185	2	2.0
1186	0	0.0
1187	0	0.0
1188	0	0.0
1189	1	1.0
1190	2	2.0
1191	0	1.0
1192	0	0.0
1193	0	0.0
1194	1	1.0
1195	2	2.0
1196	1	1.0
1197	1	0.0
1198	1	1.0
1199	1	1.0
1200	0	0.0
1201	0	0.0
1202	2	2.0
1203	1	0.0
1204	1	1.0
1205	2	2.0
1206	1	1.0
1207	0	0.0
1208	0	1.0
1209	1	0.0
1210	0	0.0
1211	1	1.0
1212	0	0.0
1213	0	0.0
1214	1	1.0
1215	1	1.0
1216	1	1.0
1217	2	2.0
1218	1	1.0
1219	0	0.0
1220	0	0.0
1221	1	1.0
1222	0	1.0
1223	1	1.0
1224	0	1.0
1225	1	0.0
1226	0	0.0
1227	0	0.0
1228	0	0.0
1229	1	1.0
1230	2	2.0
1231	1	1.0
1232	0	0.0
1233	1	1.0
1234	0	0.0
1235	1	1.0
1236	0	0.0
1237	0	0.0
1238	0	0.0
1239	1	1.0
1240	0	0.0
1241	1	1.0
1242	2	2.0
1243	0	0.0
1244	0	0.0
1245	0	0.0
1246	0	0.0
1247	0	0.0
1248	2	0.0
1249	0	0.0
1250	0	0.0
1251	0	0.0
1252	1	1.0
1253	0	0.0
1254	0	0.0
1255	0	0.0
1256	0	0.0
1257	2	2.0
1258	1	1.0
1259	0	0.0
1260	1	1.0
1261	1	1.0
1262	1	1.0
1263	1	1.0
1264	2	2.0
1265	0	0.0
1266	0	0.0
1267	0	0.0
1268	2	0.0
1269	1	1.0
1270	0	0.0
1271	1	1.0
1272	0	0.0
1273	1	1.0
1274	1	1.0
1275	1	1.0
1276	0	1.0
1277	0	2.0
1278	1	0.0
1279	2	2.0
1280	1	1.0
1281	1	1.0
1282	1	1.0
1283	0	0.0
1284	0	0.0
1285	1	0.0
1286	0	0.0
1287	0	0.0
1288	1	1.0
1289	1	1.0
1290	2	2.0
1291	0	0.0
1292	0	0.0
1293	0	0.0
1294	0	0.0
1295	1	1.0
1296	1	1.0
1297	2	2.0
1298	0	2.0
1299	1	1.0
1300	1	1.0
1301	2	2.0
1302	1	1.0
1303	2	2.0
1304	1	1.0
1305	0	0.0
1306	0	0.0
1307	2	2.0
1308	2	2.0
1309	1	1.0
1310	0	0.0
1311	1	1.0
1312	2	2.0
1313	1	1.0
1314	1	1.0
1315	2	2.0
1316	0	0.0
1317	1	1.0
1318	0	0.0
1319	2	2.0
1320	1	1.0
1321	0	1.0
1322	1	1.0
1323	1	1.0
1324	1	1.0
1325	1	1.0
1326	0	0.0
1327	1	0.0
1328	0	0.0
1329	1	1.0
1330	2	2.0
1331	1	1.0
1332	2	2.0
1333	0	0.0
1334	0	0.0
1335	0	0.0
1336	1	1.0
1337	0	0.0
1338	0	0.0
1339	0	0.0
1340	0	0.0
1341	0	0.0
1342	0	1.0
1343	0	0.0
1344	0	0.0
1345	0	0.0
1346	0	0.0
1347	0	0.0
1348	1	1.0
1349	1	1.0
1350	2	2.0
1351	1	1.0
1352	0	0.0
1353	1	1.0
1354	0	0.0
1355	1	1.0
1356	1	1.0
1357	0	0.0
1358	1	1.0
1359	0	0.0
1360	1	1.0
1361	0	0.0
1362	0	0.0
1363	2	2.0
1364	0	0.0
1365	0	0.0
1366	0	0.0
1367	0	0.0
1368	1	1.0
1369	2	2.0
1370	0	0.0
1371	0	0.0
1372	1	1.0
1373	2	2.0
1374	0	0.0
1375	1	1.0
1376	0	0.0
1377	2	2.0
1378	1	1.0
1379	1	1.0
1380	1	0.0
1381	1	1.0
1382	1	0.0
1383	0	0.0
1384	1	1.0
1385	0	1.0
1386	0	0.0
1387	1	1.0
1388	0	0.0
1389	1	1.0
1390	2	0.0
1391	1	1.0
1392	2	2.0
1393	1	1.0
1394	2	2.0
1395	0	2.0
1396	1	1.0
1397	2	2.0
1398	0	0.0
1399	0	0.0
1400	0	0.0
1401	0	0.0
1402	0	0.0
1403	0	0.0
1404	1	0.0
1405	1	1.0
1406	0	0.0
1407	0	0.0
1408	0	0.0
1409	0	0.0
1410	0	0.0
1411	2	2.0
1412	1	0.0
1413	0	0.0
1414	1	0.0
1415	0	0.0
1416	1	0.0
1417	1	1.0
1418	1	1.0
1419	0	0.0
1420	2	0.0
1421	2	2.0
1422	1	1.0
1423	2	2.0
1424	0	0.0
1425	0	2.0
1426	2	2.0
1427	1	0.0
1428	0	0.0
1429	0	0.0
1430	0	0.0
1431	1	1.0
1432	1	1.0
1433	2	2.0
1434	1	1.0
1435	2	2.0
1436	1	1.0
1437	1	1.0
1438	0	0.0
1439	2	2.0
1440	1	1.0
1441	1	1.0
1442	0	0.0
1443	1	1.0
1444	1	1.0
1445	2	2.0
1446	2	2.0
1447	0	0.0
1448	1	1.0
1449	0	0.0
1450	0	0.0
1451	0	0.0
1452	1	0.0
1453	0	0.0
1454	0	0.0
1455	0	0.0
1456	0	0.0
1457	0	0.0
1458	1	1.0
1459	2	2.0
1460	0	0.0
1461	0	0.0
1462	1	0.0
1463	0	0.0
1464	0	0.0
1465	1	1.0
1466	2	1.0
1467	1	1.0
1468	2	2.0
1469	1	0.0
1470	2	0.0
1471	1	0.0
1472	2	2.0
1473	1	1.0
1474	0	1.0
1475	1	1.0
1476	1	1.0
1477	2	2.0
1478	1	0.0
1479	0	0.0
1480	1	1.0
1481	2	2.0
1482	0	0.0
1483	0	0.0
1484	0	0.0
1485	0	0.0
1486	0	0.0
1487	0	0.0
1488	0	0.0
1489	1	1.0
1490	1	1.0
1491	0	0.0
1492	0	0.0
1493	1	0.0
1494	1	0.0
1495	0	0.0
1496	1	1.0
1497	0	0.0
1498	0	0.0
1499	0	0.0
1500	0	0.0
1501	1	0.0
1502	0	0.0
1503	2	0.0
1504	0	0.0
1505	0	0.0
1506	2	2.0
1507	1	1.0
1508	1	1.0
1509	2	2.0
1510	1	1.0
1511	2	0.0
1512	0	0.0
1513	1	1.0
1514	2	2.0
1515	1	1.0
1516	1	1.0
1517	0	2.0
1518	1	1.0
1519	2	2.0
1520	1	1.0
1521	1	1.0
1522	2	2.0
1523	2	0.0
1524	1	1.0
1525	1	1.0
1526	0	0.0
1527	1	1.0
1528	0	1.0
1529	1	1.0
1530	2	2.0
1531	1	1.0
1532	1	1.0
1533	2	2.0
1534	0	0.0
1535	0	0.0
1536	0	0.0
1537	0	0.0
1538	1	1.0
1539	2	2.0
1540	0	0.0
1541	0	0.0
1542	0	0.0
1543	2	2.0
1544	1	1.0
1545	1	1.0
1546	0	0.0
1547	2	0.0
1548	1	1.0
1549	1	1.0
1550	2	1.0
1551	1	1.0
1552	1	1.0
1553	2	2.0
1554	1	1.0
1555	1	1.0
1556	2	2.0
1557	1	1.0
1558	0	1.0
1559	0	0.0
1560	1	1.0
1561	0	0.0
1562	0	0.0
1563	0	0.0
1564	0	0.0
1565	1	1.0
1566	2	2.0
1567	0	1.0
1568	1	1.0
1569	0	0.0
1570	0	0.0
1571	0	0.0
1572	0	0.0
1573	0	0.0
1574	1	1.0
1575	0	0.0
1576	1	1.0
1577	0	0.0
1578	0	0.0
1579	0	0.0
1580	1	0.0
1581	2	2.0
1582	0	0.0
1583	0	0.0
1584	1	1.0
1585	0	0.0
1586	1	1.0
1587	1	1.0
1588	0	2.0
1589	0	1.0
1590	1	1.0
1591	1	1.0
1592	0	0.0
1593	1	1.0
1594	2	2.0
1595	1	1.0
1596	0	0.0
1597	1	1.0
1598	1	1.0
1599	0	0.0
1600	0	0.0
1601	0	0.0
1602	0	0.0
1603	1	1.0
1604	2	2.0
1605	1	1.0
1606	2	2.0
1607	1	1.0
1608	2	2.0
1609	0	0.0
1610	1	1.0
1611	2	2.0
1612	1	1.0
1613	1	1.0
1614	0	0.0
1615	1	1.0
1616	1	1.0
1617	2	2.0
1618	1	0.0
1619	0	0.0
1620	1	1.0
1621	0	0.0
1622	0	0.0
1623	0	0.0
1624	2	2.0
1625	2	0.0
1626	0	0.0
1627	0	0.0
1628	0	0.0
1629	0	0.0
1630	1	1.0
1631	2	2.0
1632	1	1.0
1633	0	0.0
1634	1	1.0
1635	0	0.0
1636	1	1.0
1637	0	0.0
1638	0	0.0
1639	1	1.0
1640	1	0.0
1641	0	0.0
1642	1	1.0
1643	2	2.0
1644	1	0.0
1645	0	0.0
1646	0	0.0
1647	0	0.0
1648	0	0.0
1649	0	0.0
1650	0	0.0
1651	0	0.0
1652	1	1.0
1653	0	0.0
1654	1	1.0
1655	0	1.0
1656	2	0.0
1657	1	1.0
1658	1	1.0
1659	1	1.0
1660	2	0.0
1661	1	1.0
1662	2	2.0
1663	1	1.0
1664	0	0.0
1665	1	1.0
1666	1	1.0
1667	2	2.0
1668	1	0.0
1669	1	1.0
1670	1	1.0
1671	1	1.0
1672	0	0.0
1673	0	0.0
1674	0	0.0
1675	1	1.0
1676	1	1.0
1677	0	0.0
1678	0	0.0
1679	1	1.0
1680	1	1.0
1681	0	0.0
1682	1	1.0
1683	1	1.0
1684	0	0.0
1685	2	2.0
1686	2	2.0
1687	0	0.0
1688	0	0.0
1689	0	0.0
1690	0	0.0
1691	2	2.0
1692	1	0.0
1693	1	1.0
1694	2	2.0
1695	1	1.0
1696	1	1.0
1697	2	2.0
1698	0	1.0
1699	0	1.0
1700	1	1.0
1701	0	2.0
1702	1	1.0
1703	1	1.0
1704	1	1.0
1705	0	0.0
1706	1	1.0
1707	2	0.0
1708	0	0.0
1709	0	0.0
1710	0	0.0
1711	0	0.0
1712	0	0.0
1713	2	2.0
1714	1	1.0
1715	1	1.0
1716	1	0.0
1717	0	0.0
1718	0	0.0
1719	0	0.0
1720	1	0.0
1721	0	0.0
1722	0	0.0
1723	0	0.0
1724	0	1.0
1725	0	0.0
1726	2	0.0
1727	1	1.0
1728	0	0.0
1729	0	0.0
1730	0	0.0
1731	0	0.0
1732	0	0.0
1733	0	0.0
1734	0	0.0
1735	2	2.0
1736	0	1.0
1737	1	1.0
1738	0	1.0
1739	0	0.0
1740	1	0.0
1741	0	0.0
1742	0	1.0
1743	0	0.0
1744	2	2.0
1745	1	1.0
1746	2	2.0
1747	1	1.0
1748	1	1.0
1749	0	0.0
1750	0	0.0
1751	0	0.0
1752	1	1.0
1753	2	2.0
1754	1	0.0
1755	2	2.0
1756	0	0.0
1757	1	0.0
1758	2	0.0
1759	1	1.0
1760	0	1.0
1761	0	0.0
1762	0	0.0
1763	0	0.0
1764	0	0.0
1765	1	1.0
1766	1	1.0
1767	0	1.0
1768	1	1.0
1769	0	2.0
1770	0	0.0
1771	2	2.0
1772	1	2.0
1773	1	1.0
1774	2	0.0
1775	0	1.0
1776	1	1.0
1777	2	2.0
1778	0	0.0
1779	0	0.0
1780	2	2.0
1781	0	0.0
1782	1	1.0
1783	1	1.0
1784	2	2.0
1785	1	1.0
1786	0	0.0
1787	1	1.0
1788	2	2.0
1789	0	0.0
1790	0	2.0
1791	1	1.0
1792	1	1.0
1793	0	0.0
1794	1	1.0
1795	0	1.0
1796	0	0.0
1797	0	0.0
1798	0	0.0
1799	0	0.0
1800	1	1.0
1801	2	2.0
1802	1	1.0
1803	1	1.0
1804	1	1.0
1805	0	2.0
1806	0	1.0
1807	0	0.0
1808	1	0.0
1809	0	0.0
1810	2	2.0
1811	1	1.0
1812	1	1.0
1813	0	0.0
1814	1	0.0
1815	0	0.0
1816	2	2.0
1817	0	0.0
1818	0	0.0
1819	0	0.0
1820	0	0.0
1821	1	0.0
1822	0	0.0
1823	0	0.0
1824	0	0.0
1825	0	0.0
1826	0	0.0
1827	0	0.0
1828	0	0.0
1829	0	0.0
1830	0	0.0
1831	0	0.0
1832	1	1.0
1833	0	0.0
1834	1	1.0
1835	1	0.0
1836	0	0.0
1837	1	0.0
1838	1	0.0
1839	0	1.0
1840	2	0.0
1841	0	0.0
1842	0	0.0
1843	0	1.0
1844	1	1.0
1845	2	2.0
1846	2	2.0
1847	0	1.0
1848	0	0.0
1849	2	0.0
1850	0	0.0
1851	0	0.0
1852	1	1.0
1853	0	0.0
1854	0	0.0
1855	0	0.0
1856	0	0.0
1857	1	1.0
1858	2	2.0
1859	0	0.0
1860	0	0.0
1861	1	1.0
1862	2	2.0
1863	1	1.0
1864	1	1.0
1865	0	0.0
1866	2	2.0
1867	1	1.0
1868	2	2.0
1869	0	0.0
1870	0	0.0
1871	0	0.0
1872	0	0.0
1873	0	0.0
1874	0	0.0
1875	1	1.0
1876	2	2.0
1877	0	0.0
1878	0	0.0
1879	1	1.0
1880	2	2.0
1881	1	1.0
1882	0	0.0
1883	0	0.0
1884	0	0.0
1885	2	2.0
1886	1	1.0
1887	2	2.0
1888	1	0.0
1889	0	0.0
1890	1	0.0
1891	1	0.0
1892	0	0.0
1893	1	1.0
1894	0	0.0
1895	1	1.0
1896	2	2.0
1897	2	2.0
1898	1	1.0
1899	2	0.0
1900	1	1.0
1901	1	1.0
1902	0	0.0
1903	2	0.0
1904	1	0.0
1905	0	0.0
1906	1	1.0
1907	0	1.0
1908	0	0.0
1909	0	0.0
1910	1	1.0
1911	1	0.0
1912	1	0.0
1913	1	1.0
1914	0	0.0
1915	1	1.0
1916	2	2.0
1917	2	2.0
1918	0	0.0
1919	0	0.0
1920	0	0.0
1921	1	1.0
1922	1	1.0
1923	0	0.0
1924	0	0.0
1925	2	0.0
1926	1	1.0
1927	1	1.0
1928	2	2.0
1929	0	1.0
1930	1	1.0
1931	2	2.0
1932	0	1.0
1933	0	0.0
1934	0	1.0
1935	0	0.0
1936	0	0.0
1937	0	0.0
1938	0	0.0
1939	0	0.0
1940	0	0.0
1941	2	2.0
1942	1	1.0
1943	2	2.0
1944	2	2.0
1945	1	1.0
1946	0	0.0
1947	1	1.0
1948	0	0.0
1949	1	1.0
1950	1	1.0
1951	1	1.0
1952	0	0.0
1953	1	1.0
1954	2	2.0
1955	0	0.0
1956	0	0.0
1957	0	0.0
1958	0	0.0
1959	1	1.0
1960	0	0.0
1961	0	0.0
1962	0	0.0
1963	2	0.0
1964	1	1.0
1965	1	1.0
1966	0	0.0
1967	2	2.0
1968	0	0.0
1969	0	0.0
1970	0	0.0
1971	2	2.0
1972	1	1.0
1973	0	0.0
1974	0	0.0
1975	2	2.0
1976	1	1.0
1977	0	0.0
1978	2	2.0
1979	0	0.0
1980	1	1.0
1981	1	1.0
1982	0	0.0
1983	1	1.0
1984	0	0.0
1985	0	0.0
1986	0	0.0
1987	0	0.0
1988	0	0.0
1989	0	0.0
1990	0	0.0
1991	2	2.0
1992	1	1.0
1993	0	0.0
1994	1	1.0
1995	2	2.0
1996	2	2.0
1997	0	0.0
1998	2	0.0
1999	0	0.0
2000	0	0.0
2001	0	0.0
2002	2	2.0
2003	0	1.0
2004	2	2.0
2005	0	1.0
2006	1	1.0
2007	2	2.0
2008	0	0.0
2009	2	0.0
2010	0	0.0
2011	0	0.0
2012	0	1.0
2013	1	1.0
2014	1	1.0
2015	0	0.0
2016	2	2.0
2017	0	0.0
2018	0	0.0
2019	0	0.0
2020	1	1.0
2021	2	2.0
2022	1	1.0
2023	1	1.0
2024	0	0.0
2025	0	0.0
2026	0	0.0
2027	2	2.0
2028	0	0.0
2029	0	0.0
2030	0	0.0
2031	1	1.0
2032	2	2.0
2033	0	0.0
2034	0	0.0
2035	1	0.0
2036	0	0.0
2037	0	0.0
2038	0	0.0
2039	0	0.0
2040	0	0.0
2041	0	0.0
2042	0	0.0
2043	0	1.0
2044	0	1.0
2045	0	0.0
2046	0	1.0
2047	1	1.0
2048	2	2.0
2049	0	2.0
2050	1	1.0
2051	2	2.0
2052	2	2.0
2053	0	0.0
2054	0	0.0
2055	0	1.0
2056	0	0.0
2057	1	0.0
2058	0	0.0
2059	0	0.0
2060	1	1.0
2061	1	1.0
2062	2	2.0
2063	2	2.0
2064	0	2.0
2065	1	1.0
2066	2	2.0
2067	0	0.0
2068	0	0.0
2069	0	0.0
2070	2	0.0
2071	0	0.0
2072	1	0.0
2073	0	0.0
2074	0	0.0
2075	0	0.0
2076	1	1.0
2077	0	0.0
2078	0	0.0
2079	1	1.0
2080	2	2.0
2081	0	0.0
2082	0	0.0
2083	0	0.0
2084	2	2.0
2085	0	1.0
2086	2	0.0
2087	1	1.0
2088	0	0.0
2089	0	0.0
2090	0	0.0
2091	0	0.0
2092	0	0.0
2093	1	1.0
2094	1	1.0
2095	0	2.0
2096	0	2.0
2097	2	2.0
2098	0	0.0
2099	1	1.0
2100	2	2.0
2101	1	1.0
2102	1	1.0
2103	1	1.0
2104	0	0.0
2105	2	2.0
2106	1	1.0
2107	2	2.0
2108	0	0.0
2109	1	1.0
2110	2	2.0
2111	0	0.0
2112	0	0.0
2113	1	1.0
2114	1	1.0
2115	0	0.0
2116	0	0.0
2117	0	0.0
2118	2	2.0
2119	1	0.0
2120	2	2.0
2121	0	0.0
2122	1	1.0
2123	1	0.0
2124	0	0.0
2125	0	0.0
2126	2	2.0
2127	2	2.0
2128	2	2.0
2129	1	1.0
2130	0	0.0
2131	0	0.0
2132	0	0.0
2133	0	1.0
2134	0	0.0
2135	0	0.0
2136	0	0.0
2137	2	2.0
2138	1	1.0
2139	2	2.0
2140	0	0.0
2141	1	1.0
2142	2	2.0
2143	1	1.0
2144	1	0.0
2145	1	1.0
2146	2	2.0
2147	1	1.0
2148	1	1.0
2149	2	2.0
2150	1	1.0
2151	2	2.0
2152	1	1.0
2153	1	1.0
2154	1	0.0
2155	0	0.0
2156	1	1.0
2157	2	0.0
2158	0	0.0
2159	0	0.0
2160	0	0.0
2161	0	0.0
2162	0	0.0
2163	1	0.0
2164	1	1.0
2165	0	2.0
2166	0	0.0
2167	0	0.0
2168	1	1.0
2169	1	1.0
2170	2	2.0
2171	0	0.0
2172	0	0.0
2173	2	2.0
2174	0	0.0
2175	0	0.0
2176	0	0.0
2177	0	0.0
2178	1	1.0
2179	2	2.0
2180	2	2.0
2181	0	0.0
2182	2	0.0
2183	1	0.0
2184	1	1.0
2185	2	2.0
2186	1	1.0
2187	0	0.0
2188	0	0.0
2189	0	0.0
2190	1	0.0
2191	0	0.0
2192	0	0.0
2193	0	0.0
2194	0	0.0
2195	1	0.0
2196	2	2.0
2197	2	2.0
2198	0	0.0
2199	0	0.0
2200	0	0.0
2201	0	1.0
2202	2	2.0
2203	0	0.0
2204	0	0.0
2205	1	0.0
2206	0	2.0
2207	0	1.0
2208	1	1.0
2209	2	0.0
2210	0	0.0
2211	0	0.0
2212	0	0.0
2213	1	1.0
2214	1	1.0
2215	0	0.0
2216	2	2.0
2217	0	0.0
2218	2	2.0
2219	1	1.0
2220	0	0.0
2221	0	0.0
2222	0	0.0
2223	0	0.0
2224	1	1.0
2225	2	2.0
2226	1	1.0
2227	2	2.0
2228	0	1.0
2229	2	0.0
2230	0	0.0
2231	2	2.0
2232	0	0.0
2233	0	0.0
2234	0	0.0
2235	2	0.0
2236	1	1.0
2237	0	0.0
2238	0	0.0
2239	0	0.0
2240	2	2.0
2241	1	1.0
2242	1	1.0
2243	1	1.0
2244	2	2.0
2245	0	0.0
2246	0	0.0
2247	0	0.0
2248	0	0.0
2249	1	1.0
2250	0	1.0
2251	1	1.0
2252	2	2.0
2253	1	0.0
2254	1	1.0
2255	2	2.0
2256	0	0.0
2257	0	0.0
2258	1	1.0
2259	1	1.0
2260	1	1.0
2261	0	0.0
2262	1	1.0
2263	1	1.0
2264	2	2.0
2265	1	1.0
2266	1	1.0
2267	1	1.0
2268	0	0.0
2269	1	1.0
2270	2	2.0
2271	1	1.0
2272	1	1.0
2273	0	0.0
2274	2	2.0
2275	0	0.0
2276	0	0.0
2277	0	0.0
2278	0	0.0
2279	0	0.0
2280	0	0.0
2281	0	0.0
2282	1	1.0
2283	1	1.0
2284	1	1.0
2285	2	2.0
2286	0	0.0
2287	0	0.0
2288	0	0.0
2289	0	0.0
2290	0	1.0
2291	1	0.0
2292	0	0.0
2293	0	0.0
2294	0	0.0
2295	2	2.0
2296	2	2.0
2297	1	1.0
2298	0	0.0
2299	1	0.0
2300	0	0.0
2301	0	0.0
2302	0	0.0
2303	0	0.0
2304	0	0.0
2305	0	0.0
2306	0	0.0
2307	0	0.0
2308	1	1.0
2309	2	2.0
2310	0	0.0
2311	0	0.0
2312	0	1.0
2313	2	2.0
2314	0	0.0
2315	0	0.0
2316	0	0.0
2317	0	0.0
2318	1	1.0
2319	1	0.0
2320	2	2.0
2321	1	0.0
2322	1	0.0
2323	2	2.0
2324	1	1.0
2325	0	0.0
2326	0	0.0
2327	1	0.0
2328	1	1.0
2329	2	2.0
2330	1	1.0
2331	0	0.0
2332	0	0.0
2333	1	1.0
2334	0	0.0
2335	0	0.0
2336	1	1.0
2337	0	0.0
2338	0	0.0
2339	0	0.0
2340	1	1.0
2341	0	0.0
2342	1	1.0
2343	1	1.0
2344	1	1.0
2345	1	1.0
2346	0	0.0
2347	1	1.0
2348	2	2.0
2349	0	0.0
2350	0	0.0
2351	0	0.0
2352	1	1.0
2353	0	1.0
2354	0	0.0
2355	2	2.0
2356	2	2.0
2357	1	1.0
2358	2	2.0
2359	1	0.0
2360	0	0.0
2361	2	0.0
2362	0	0.0
2363	0	0.0
2364	0	0.0
2365	0	0.0
2366	0	0.0
2367	0	0.0
2368	0	0.0
2369	2	2.0
2370	0	0.0
2371	2	2.0
2372	1	1.0
2373	0	0.0
2374	0	0.0
2375	0	0.0
2376	2	2.0
2377	1	1.0
2378	0	0.0
2379	0	0.0
2380	0	0.0
2381	1	1.0
2382	1	1.0
2383	1	0.0
2384	1	1.0
2385	2	2.0
2386	2	0.0
2387	1	1.0
2388	0	0.0
2389	1	0.0
2390	1	1.0
2391	2	2.0
2392	2	2.0
2393	0	0.0
2394	0	0.0
2395	2	2.0
2396	1	0.0
2397	2	2.0
2398	0	0.0
2399	0	0.0
2400	1	1.0
2401	2	2.0
2402	1	1.0
2403	2	2.0
2404	1	1.0
2405	0	0.0
2406	0	0.0
2407	0	0.0
2408	1	0.0
2409	2	0.0
2410	0	0.0
2411	0	0.0
2412	1	1.0
2413	0	0.0
2414	2	2.0
2415	1	0.0
2416	0	0.0
2417	0	0.0
2418	0	0.0
2419	1	1.0
2420	2	2.0
2421	0	0.0
2422	0	0.0
2423	0	0.0
2424	0	0.0
2425	0	0.0
2426	0	0.0
2427	0	0.0
2428	2	2.0
2429	0	0.0
2430	0	0.0
2431	1	1.0
2432	1	1.0
2433	0	0.0
2434	1	1.0
2435	1	1.0
2436	2	2.0
2437	0	0.0
2438	0	0.0
2439	0	1.0
2440	1	1.0
2441	2	2.0
2442	1	1.0
2443	2	2.0
2444	2	2.0
2445	0	0.0
2446	1	1.0
2447	1	1.0
2448	1	1.0
2449	2	2.0
2450	0	0.0
2451	0	0.0
2452	0	0.0
2453	0	0.0
2454	1	1.0
2455	1	1.0
2456	1	1.0
2457	2	2.0
2458	1	1.0
2459	1	1.0
2460	1	1.0
2461	2	2.0
2462	1	0.0
2463	2	2.0
2464	0	0.0
2465	0	0.0
2466	1	1.0
2467	2	2.0
2468	1	1.0
2469	0	1.0
2470	0	0.0
2471	0	0.0
2472	0	0.0
2473	1	1.0
2474	2	2.0
2475	1	0.0
2476	0	0.0
2477	0	0.0
2478	0	0.0
2479	0	0.0
2480	1	1.0
2481	1	0.0
2482	1	1.0
2483	1	0.0
2484	2	2.0
2485	0	0.0
2486	1	1.0
2487	1	1.0
2488	0	0.0
2489	0	0.0
2490	1	1.0
2491	2	2.0
2492	0	1.0
2493	0	1.0
2494	1	0.0
2495	0	0.0
2496	0	0.0
2497	0	0.0
2498	2	2.0
2499	0	0.0
2500	0	0.0
2501	1	1.0
2502	2	2.0
2503	1	1.0
2504	2	2.0
2505	0	0.0
2506	0	0.0
2507	1	0.0
2508	2	2.0
2509	0	0.0
2510	0	0.0
2511	0	0.0
2512	1	1.0
2513	2	2.0
2514	1	1.0
2515	2	2.0
2516	1	1.0
2517	1	1.0
2518	0	1.0
2519	1	1.0
2520	0	0.0
2521	0	0.0
2522	1	1.0
2523	2	2.0
2524	1	1.0
2525	0	0.0
2526	0	0.0
2527	0	1.0
2528	0	0.0
2529	0	0.0
2530	0	0.0
2531	1	1.0
2532	2	2.0
2533	2	2.0
2534	0	0.0
2535	0	0.0
2536	0	0.0
2537	0	0.0
2538	0	0.0
2539	0	0.0
2540	1	0.0
2541	2	2.0
2542	1	1.0
2543	0	0.0
2544	0	0.0
2545	1	1.0
2546	2	0.0
2547	0	0.0
2548	0	0.0
2549	0	0.0
2550	0	0.0
2551	0	0.0
2552	1	1.0
2553	1	1.0
2554	2	2.0
2555	1	1.0
2556	1	1.0
2557	0	0.0
2558	2	2.0
2559	1	1.0
2560	1	1.0
2561	2	2.0
2562	1	1.0
2563	1	1.0
2564	2	0.0
2565	1	0.0
2566	2	2.0
2567	1	1.0
2568	2	2.0
2569	1	1.0
2570	2	2.0
2571	2	2.0
2572	1	1.0
2573	0	0.0
2574	1	1.0
2575	0	0.0
2576	0	0.0
2577	0	0.0
2578	1	1.0
2579	2	2.0
2580	1	1.0
2581	2	2.0
2582	2	2.0
2583	1	1.0
2584	1	1.0
2585	0	0.0
2586	1	1.0
2587	0	0.0
2588	1	1.0
2589	0	0.0
2590	0	0.0
2591	1	0.0
2592	0	0.0
2593	0	0.0
2594	1	0.0
2595	0	0.0
2596	1	1.0
2597	2	2.0
2598	2	2.0
2599	0	0.0
2600	0	0.0
2601	1	1.0
2602	1	1.0
2603	2	2.0
2604	1	1.0
2605	0	1.0
2606	2	2.0
2607	0	0.0
2608	0	0.0
2609	0	0.0
2610	2	2.0
2611	1	1.0
2612	2	2.0
2613	0	0.0
2614	0	0.0
2615	1	1.0
2616	1	1.0
2617	1	1.0
2618	1	1.0
2619	0	0.0
2620	2	2.0
2621	0	0.0
2622	1	1.0
2623	1	1.0
2624	1	0.0
2625	0	0.0
2626	0	0.0
2627	1	1.0
2628	0	0.0
2629	0	0.0
2630	0	0.0
2631	0	0.0
2632	0	0.0
2633	1	0.0
2634	1	1.0
2635	2	2.0
2636	0	2.0
2637	2	2.0
2638	0	0.0
2639	0	0.0
2640	1	1.0
2641	2	2.0
2642	1	0.0
2643	1	1.0
2644	2	0.0
2645	1	0.0
2646	1	1.0
2647	2	2.0
2648	2	2.0
2649	1	1.0
2650	2	2.0
2651	1	1.0
2652	0	0.0
2653	0	0.0
2654	0	0.0
2655	1	1.0
2656	1	1.0
2657	1	1.0
2658	0	0.0
2659	0	0.0
2660	2	2.0
2661	0	0.0
2662	0	0.0
2663	0	0.0
2664	0	0.0
2665	1	1.0
2666	1	1.0
2667	0	0.0
2668	1	0.0
2669	2	0.0
2670	0	0.0
2671	0	0.0
2672	1	1.0
2673	2	2.0
2674	0	0.0
2675	1	1.0
2676	0	0.0
2677	0	0.0
2678	0	0.0
2679	1	1.0
2680	2	2.0
2681	0	0.0
2682	0	0.0
2683	0	0.0
2684	0	0.0
2685	0	0.0
2686	2	2.0
2687	0	0.0
2688	0	0.0
2689	1	1.0
2690	1	1.0
2691	2	2.0
2692	1	1.0
2693	0	1.0
2694	1	0.0
2695	1	0.0
2696	2	0.0
2697	1	0.0
2698	1	1.0
2699	1	0.0
2700	0	0.0
2701	0	0.0
2702	0	0.0
2703	0	1.0
2704	0	1.0
2705	0	1.0
2706	0	1.0
2707	1	1.0
2708	2	2.0
2709	1	1.0
2710	2	2.0
2711	0	0.0
2712	0	0.0
2713	1	1.0
2714	0	0.0
2715	2	2.0
2716	2	2.0
2717	0	0.0
2718	1	0.0
2719	0	0.0
2720	0	0.0
2721	0	0.0
2722	0	0.0
2723	1	1.0
2724	2	2.0
2725	0	0.0
2726	1	1.0
2727	1	0.0
2728	1	0.0
2729	0	0.0
2730	0	0.0
2731	2	2.0
2732	2	2.0
2733	0	0.0
2734	0	0.0
2735	1	1.0
2736	0	0.0
2737	1	1.0
2738	0	0.0
2739	0	0.0
2740	0	0.0
2741	1	1.0
2742	0	0.0
2743	0	1.0
2744	1	1.0
2745	0	0.0
2746	2	2.0
2747	0	0.0
2748	0	0.0
2749	0	0.0
2750	0	0.0
2751	2	2.0
2752	1	1.0
2753	2	2.0
2754	0	0.0
2755	2	2.0
2756	0	0.0
2757	1	1.0
2758	2	2.0
2759	1	1.0
2760	1	1.0
2761	1	1.0
2762	2	2.0
2763	1	1.0
2764	1	1.0
2765	1	1.0
2766	1	1.0
2767	2	2.0
2768	1	1.0
2769	0	0.0
2770	0	0.0
2771	0	0.0
2772	1	0.0
2773	2	2.0
2774	2	2.0
2775	1	0.0
2776	1	0.0
2777	0	0.0
2778	1	1.0
2779	1	1.0
2780	0	0.0
2781	0	0.0
2782	1	1.0
2783	0	0.0
2784	0	0.0
2785	0	0.0
2786	0	0.0
2787	1	1.0
2788	0	0.0
2789	0	0.0
2790	0	0.0
2791	0	0.0
2792	0	0.0
2793	2	2.0
2794	0	0.0
2795	0	2.0
2796	1	1.0
2797	0	0.0
2798	0	0.0
2799	0	0.0
2800	0	0.0
2801	0	0.0
2802	0	0.0
2803	2	2.0
2804	1	1.0
2805	0	0.0
2806	2	2.0
2807	1	1.0
2808	2	2.0
2809	2	2.0
2810	0	0.0
2811	0	0.0
2812	0	0.0
2813	0	0.0
2814	0	0.0
2815	1	1.0
2816	2	1.0
2817	0	0.0
2818	0	0.0
2819	2	2.0
2820	0	0.0
2821	0	0.0
2822	0	0.0
2823	0	1.0
2824	0	0.0
2825	0	0.0
2826	0	0.0
2827	0	0.0
2828	1	1.0
2829	0	0.0
2830	2	2.0
2831	0	0.0
2832	0	0.0
2833	1	0.0
2834	0	0.0
2835	1	1.0
2836	1	1.0
2837	1	1.0
2838	0	0.0
2839	1	1.0
2840	0	1.0
2841	1	1.0
2842	0	0.0
2843	1	1.0
2844	0	0.0
2845	0	0.0
2846	0	0.0
2847	1	1.0
2848	0	0.0
2849	0	0.0
2850	0	0.0
2851	0	1.0
2852	0	0.0
2853	0	0.0
2854	2	2.0
2855	0	0.0
2856	0	0.0
2857	0	0.0
2858	0	0.0
2859	1	1.0
2860	2	2.0
2861	0	0.0
2862	1	0.0
2863	0	0.0
2864	0	0.0
2865	0	0.0
2866	1	1.0
2867	0	0.0
2868	1	0.0
2869	2	2.0
2870	0	0.0
2871	1	1.0
2872	2	2.0
2873	0	0.0
2874	0	0.0
2875	0	0.0
2876	0	0.0
2877	0	0.0
2878	2	2.0
2879	1	1.0
2880	0	0.0
2881	0	1.0
2882	0	0.0
2883	1	1.0
2884	0	0.0
2885	0	0.0
2886	0	0.0
2887	0	0.0
2888	0	0.0
2889	1	1.0
2890	0	1.0
2891	0	0.0
2892	0	1.0
2893	0	0.0
2894	0	0.0
2895	1	1.0
2896	0	0.0
2897	1	1.0
2898	2	2.0
2899	2	1.0
2900	0	0.0
2901	0	0.0
2902	0	0.0
2903	1	1.0
2904	2	2.0
2905	0	0.0
2906	2	0.0
2907	0	0.0
2908	2	0.0
2909	0	0.0
2910	0	0.0
2911	0	0.0
2912	0	0.0
2913	0	0.0
2914	0	0.0
2915	0	0.0
2916	0	0.0
2917	1	1.0
2918	2	2.0
2919	0	0.0
2920	0	0.0
2921	1	0.0
2922	1	1.0
2923	0	0.0
2924	2	0.0
2925	0	0.0
2926	0	0.0
2927	0	0.0
2928	0	0.0
2929	0	0.0
2930	2	2.0
2931	0	0.0
2932	0	0.0
2933	0	0.0
2934	1	1.0
2935	2	2.0
2936	0	0.0
2937	0	0.0
2938	0	0.0
2939	0	0.0
2940	0	0.0
2941	0	0.0
2942	1	1.0
2943	1	1.0
2944	2	0.0
2945	0	0.0
2946	0	0.0
2947	0	0.0
2948	0	0.0
2949	0	0.0
2950	1	1.0
2951	0	0.0
2952	1	0.0
2953	0	0.0
2954	0	0.0
2955	0	0.0
2956	0	0.0
2957	0	0.0
2958	1	0.0
2959	0	1.0
2960	1	1.0
2961	1	0.0
2962	0	0.0
2963	2	2.0
2964	1	1.0
2965	2	0.0
2966	0	0.0
2967	0	0.0
2968	1	1.0
2969	0	0.0
2970	0	0.0
2971	0	0.0
2972	0	0.0
2973	0	0.0
2974	0	0.0
2975	1	1.0
2976	0	0.0
2977	0	0.0
2978	0	0.0
2979	0	0.0
2980	2	0.0
2981	1	1.0
2982	0	0.0
2983	0	0.0
2984	0	0.0
2985	0	0.0
2986	0	1.0
2987	1	1.0
2988	0	0.0
2989	0	1.0
2990	0	0.0
2991	0	0.0
2992	0	0.0
2993	0	0.0
2994	1	1.0
2995	0	0.0
2996	1	1.0
2997	1	1.0
2998	0	0.0
2999	0	0.0
3000	1	1.0
3001	2	2.0
3002	1	1.0
3003	1	1.0
3004	0	0.0
3005	1	1.0
3006	0	0.0
3007	0	0.0
3008	0	0.0
3009	1	1.0
3010	0	0.0
3011	0	0.0
3012	0	0.0
3013	0	0.0
3014	0	0.0
3015	0	0.0
3016	0	0.0
3017	2	0.0
3018	0	1.0
3019	0	0.0
3020	0	1.0
3021	0	0.0
3022	2	2.0
3023	2	2.0
3024	1	1.0
3025	0	0.0
3026	0	0.0
3027	1	0.0
3028	1	1.0
3029	2	2.0
3030	1	1.0
3031	0	0.0
3032	0	0.0
3033	0	0.0
3034	0	0.0
3035	0	0.0
3036	1	1.0
3037	1	1.0
3038	0	0.0
3039	1	1.0
3040	0	0.0
3041	1	1.0
3042	0	0.0
3043	2	2.0
3044	0	0.0
3045	0	0.0
3046	0	0.0
3047	0	0.0
3048	0	0.0
3049	0	0.0
3050	0	0.0
3051	0	0.0
3052	0	0.0
3053	0	0.0
3054	1	1.0
3055	2	2.0
3056	0	0.0
3057	0	0.0
3058	0	0.0
3059	2	0.0
3060	2	2.0
3061	1	1.0
3062	0	0.0
3063	2	0.0
3064	0	0.0
3065	0	0.0
3066	0	0.0
3067	1	1.0
3068	2	0.0
3069	0	1.0
3070	1	1.0
3071	0	1.0
3072	2	2.0
3073	0	0.0
3074	0	0.0
3075	0	0.0
3076	0	0.0
3077	2	2.0
3078	0	1.0
3079	0	0.0
3080	0	0.0
3081	0	0.0
3082	1	1.0
3083	2	2.0
3084	0	0.0
3085	0	0.0
3086	0	1.0
3087	0	0.0
3088	0	0.0
3089	0	0.0
3090	0	0.0
3091	0	1.0
3092	0	0.0
3093	0	0.0
3094	0	0.0
3095	0	0.0
3096	0	0.0
3097	1	1.0
3098	2	2.0
3099	0	0.0
3100	0	0.0
3101	0	0.0
3102	2	2.0
3103	1	1.0
3104	0	0.0
3105	0	0.0
3106	0	0.0
3107	0	0.0
3108	0	0.0
3109	1	1.0
3110	2	2.0
3111	1	1.0
3112	0	0.0
3113	0	0.0
3114	0	0.0
3115	0	0.0
3116	1	1.0
3117	0	0.0
3118	0	0.0
3119	0	0.0
3120	0	0.0
3121	0	0.0
3122	1	1.0
3123	0	1.0
3124	0	0.0
3125	0	0.0
3126	0	0.0
3127	0	0.0
3128	0	0.0
3129	0	0.0
3130	0	0.0
3131	1	0.0
3132	0	0.0
3133	1	0.0
3134	1	1.0
3135	0	0.0
3136	0	0.0
3137	0	0.0
3138	1	0.0
3139	1	1.0
3140	0	1.0
3141	0	0.0
3142	0	0.0
3143	0	0.0
3144	0	0.0
3145	2	0.0
3146	0	0.0
3147	0	1.0
3148	0	0.0
3149	0	0.0
3150	1	0.0
3151	2	2.0
3152	2	2.0
3153	0	0.0
3154	1	1.0
3155	2	2.0
3156	1	1.0
3157	2	2.0
3158	0	0.0
3159	0	0.0
3160	0	0.0
3161	0	0.0
3162	0	0.0
3163	1	1.0
3164	1	1.0
3165	0	1.0
3166	0	1.0
3167	1	0.0
3168	1	1.0
3169	2	2.0
3170	1	1.0
3171	2	2.0
3172	2	2.0
3173	0	0.0
3174	0	0.0
3175	2	0.0
3176	0	0.0
3177	0	0.0
3178	0	0.0
3179	1	1.0
3180	0	0.0
3181	0	0.0
3182	1	0.0
3183	0	0.0
3184	0	0.0
3185	0	0.0
3186	0	0.0
3187	1	1.0
3188	2	1.0
3189	0	0.0
3190	2	2.0
3191	0	0.0
3192	1	1.0
3193	0	0.0
3194	0	0.0
3195	1	0.0
3196	2	2.0
3197	1	1.0
3198	0	0.0
3199	0	0.0
3200	1	0.0
3201	2	2.0
3202	0	0.0
3203	0	0.0
3204	0	0.0
3205	1	0.0
3206	2	0.0
3207	0	0.0
3208	0	0.0
3209	2	0.0
3210	1	0.0
3211	2	2.0
3212	1	1.0
3213	2	0.0
3214	0	0.0
3215	0	0.0
3216	1	1.0
3217	0	1.0
3218	0	1.0
3219	0	0.0
3220	0	0.0
3221	1	1.0
3222	2	2.0
3223	1	1.0
3224	2	1.0
3225	0	0.0
3226	0	0.0
3227	0	0.0
3228	2	2.0
3229	0	0.0
3230	0	0.0
3231	0	0.0
3232	1	1.0
3233	2	2.0
3234	0	0.0
3235	0	0.0
3236	0	0.0
3237	1	1.0
3238	2	0.0
3239	1	0.0
3240	1	0.0
3241	2	2.0
3242	0	0.0
3243	0	0.0
3244	0	0.0
3245	0	0.0
3246	1	0.0
3247	2	2.0
3248	0	0.0
3249	0	0.0
3250	0	0.0
3251	1	1.0
3252	0	1.0
3253	0	0.0
3254	0	0.0
3255	0	0.0
3256	2	2.0
3257	1	1.0
3258	0	0.0
3259	0	0.0
3260	1	1.0
3261	2	2.0
3262	0	0.0
3263	0	0.0
3264	0	0.0
3265	0	0.0
3266	0	0.0
3267	0	0.0
3268	1	1.0
3269	2	2.0
3270	0	0.0
3271	1	1.0
3272	2	2.0
3273	1	1.0
3274	1	1.0
3275	0	0.0
3276	0	0.0
3277	0	0.0
3278	1	1.0
3279	1	1.0
3280	2	2.0
3281	0	0.0
3282	0	0.0
3283	0	0.0
3284	1	1.0
3285	1	1.0
3286	1	1.0
3287	0	0.0
3288	0	0.0
3289	0	0.0
3290	0	0.0
3291	1	1.0
3292	0	1.0
3293	0	0.0
3294	0	0.0
3295	0	0.0
3296	0	0.0
3297	0	0.0
3298	0	0.0
3299	0	0.0
3300	0	0.0
3301	1	0.0
3302	1	1.0
3303	0	0.0
3304	0	0.0
3305	0	0.0
3306	1	0.0
3307	0	0.0
3308	0	0.0
3309	1	1.0
3310	2	2.0
3311	0	0.0
3312	0	0.0
3313	0	0.0
3314	0	0.0
3315	1	1.0
3316	0	0.0
3317	0	0.0
3318	0	0.0
3319	0	0.0
3320	0	0.0
3321	1	1.0
3322	0	1.0
3323	1	1.0
3324	1	0.0
3325	0	0.0
3326	0	0.0
3327	1	0.0
3328	1	1.0
3329	2	2.0
3330	0	0.0
3331	0	0.0
3332	1	1.0
3333	2	2.0
3334	1	0.0
3335	0	0.0
3336	1	0.0
3337	1	1.0
3338	0	0.0
3339	0	0.0
3340	0	0.0
3341	1	1.0
3342	2	2.0
3343	0	0.0
3344	0	0.0
3345	0	0.0
3346	0	0.0
3347	2	2.0
3348	2	2.0
3349	0	0.0
3350	1	1.0
3351	1	1.0
3352	2	2.0
3353	0	0.0
3354	0	0.0
3355	1	1.0
3356	2	0.0
3357	0	1.0
3358	0	0.0
3359	1	1.0
3360	1	1.0
3361	2	2.0
3362	1	0.0
3363	0	0.0
3364	1	1.0
3365	0	0.0
3366	0	0.0
3367	1	1.0
3368	0	0.0
3369	0	0.0
3370	0	0.0
3371	0	0.0
3372	2	0.0
3373	0	0.0
3374	0	0.0
3375	0	0.0
3376	0	0.0
3377	0	0.0
3378	1	1.0
3379	0	0.0
3380	0	0.0
3381	0	0.0
3382	0	0.0
3383	0	0.0
3384	0	0.0
3385	1	0.0
3386	0	1.0
3387	2	0.0
3388	2	0.0
3389	0	0.0
3390	0	0.0
3391	1	1.0
3392	0	0.0
3393	1	0.0
3394	1	1.0
3395	0	0.0
3396	1	1.0
3397	2	2.0
3398	1	1.0
3399	1	1.0
3400	1	1.0
3401	0	0.0
3402	0	0.0
3403	0	0.0
3404	2	2.0
3405	0	0.0
3406	0	0.0
3407	1	0.0
3408	0	0.0
3409	0	0.0
3410	0	0.0
3411	0	0.0
3412	1	1.0
3413	2	0.0
3414	0	0.0
3415	1	0.0
3416	1	0.0
3417	2	2.0
3418	1	1.0
3419	2	0.0
3420	0	0.0
3421	0	0.0
3422	0	0.0
3423	0	0.0
3424	1	1.0
3425	1	1.0
3426	1	1.0
3427	0	0.0
3428	2	0.0
3429	0	0.0
3430	0	0.0
3431	0	0.0
3432	0	0.0
3433	0	0.0
3434	1	0.0
3435	1	1.0
3436	2	2.0
3437	0	0.0
3438	0	0.0
3439	0	0.0
3440	0	0.0
3441	0	0.0
3442	0	0.0
3443	2	0.0
3444	0	0.0
3445	0	0.0
3446	1	1.0
3447	0	1.0
3448	0	0.0
3449	0	0.0
3450	2	0.0
3451	0	0.0
3452	1	1.0
3453	2	2.0
3454	1	1.0
3455	0	0.0
3456	1	1.0
3457	1	1.0
3458	0	0.0
3459	1	1.0
3460	1	0.0
3461	0	0.0
3462	1	0.0
3463	0	0.0
3464	1	0.0
3465	2	0.0
3466	0	0.0
3467	1	0.0
3468	1	0.0
3469	0	0.0
3470	0	0.0
3471	0	0.0
3472	0	0.0
3473	0	0.0
3474	0	0.0
3475	2	2.0
3476	0	0.0
3477	1	2.0
3478	0	0.0
3479	0	2.0
3480	1	1.0
3481	2	2.0
3482	0	0.0
3483	0	0.0
3484	0	0.0
3485	0	0.0
3486	0	0.0
3487	0	0.0
3488	1	1.0
3489	0	0.0
3490	1	1.0
3491	2	2.0
3492	0	1.0
3493	0	0.0
3494	0	0.0
3495	0	0.0
3496	0	0.0
3497	1	0.0
3498	2	0.0
3499	1	1.0
3500	1	0.0
3501	1	0.0
3502	1	0.0
3503	2	0.0
3504	1	0.0
3505	1	1.0
3506	2	2.0
3507	1	1.0
3508	0	0.0
3509	0	0.0
3510	0	0.0
3511	0	0.0
3512	1	1.0
3513	2	2.0
3514	0	1.0
3515	0	0.0
3516	1	0.0
3517	1	1.0
3518	0	0.0
3519	0	0.0
3520	0	0.0
3521	1	1.0
3522	0	0.0
3523	0	0.0
3524	0	0.0
3525	1	0.0
3526	1	1.0
3527	0	0.0
3528	0	0.0
3529	1	1.0
3530	0	0.0
3531	0	0.0
3532	0	1.0
3533	0	0.0
3534	0	0.0
3535	0	0.0
3536	0	0.0
3537	0	0.0
3538	1	1.0
3539	2	2.0
3540	1	1.0
3541	2	2.0
3542	1	1.0
3543	1	0.0
3544	2	0.0
3545	1	0.0
3546	0	0.0
3547	1	0.0
3548	1	1.0
3549	1	0.0
3550	0	0.0
3551	1	1.0
3552	2	2.0
3553	1	0.0
3554	0	0.0
3555	0	0.0
3556	1	1.0
3557	2	0.0
3558	1	1.0
3559	0	1.0
3560	0	0.0
3561	0	0.0
3562	1	1.0
3563	0	0.0
3564	1	1.0
3565	0	0.0
3566	1	0.0
3567	1	0.0
3568	2	0.0
3569	1	0.0
3570	2	0.0
3571	2	0.0
3572	2	0.0
3573	1	0.0
3574	2	2.0
3575	0	0.0
3576	0	0.0
3577	1	1.0
3578	2	2.0
3579	0	0.0
3580	1	0.0
3581	0	0.0
3582	0	0.0
3583	0	0.0
3584	0	1.0
3585	0	0.0
3586	2	2.0
3587	1	1.0
3588	0	0.0
3589	0	0.0
3590	0	0.0
3591	0	0.0
3592	0	0.0
3593	1	1.0
3594	1	0.0
3595	1	0.0
3596	2	0.0
3597	1	1.0
3598	2	1.0
3599	0	0.0
3600	1	1.0
3601	0	0.0
3602	0	0.0
3603	0	0.0
3604	1	1.0
3605	0	0.0
3606	1	1.0
3607	2	2.0
3608	2	0.0
3609	0	0.0
3610	1	0.0
3611	0	0.0
3612	0	0.0
3613	1	1.0
3614	2	2.0
3615	0	0.0
3616	0	0.0
3617	0	0.0
3618	2	2.0
3619	1	0.0
3620	0	0.0
3621	0	0.0
3622	0	0.0
3623	0	0.0
3624	1	1.0
3625	0	1.0
3626	2	2.0
3627	1	1.0
3628	0	0.0
3629	1	0.0
3630	0	0.0
3631	0	0.0
3632	0	0.0
3633	1	1.0
3634	0	1.0
3635	2	2.0
3636	0	0.0
3637	0	0.0
3638	1	0.0
3639	0	0.0
3640	2	1.0
3641	0	0.0
3642	0	0.0
3643	0	0.0
3644	0	0.0
3645	2	2.0
3646	0	0.0
3647	0	0.0
3648	0	0.0
3649	2	2.0
3650	1	1.0
3651	1	1.0
3652	2	0.0
3653	0	0.0
3654	0	0.0
3655	2	2.0
3656	1	0.0
3657	2	2.0
3658	0	0.0
3659	0	0.0
3660	1	1.0
3661	2	2.0
3662	0	0.0
3663	0	0.0
3664	1	0.0
3665	0	0.0
3666	0	0.0
3667	0	0.0
3668	1	1.0
3669	1	1.0
3670	2	0.0
3671	0	0.0
3672	0	0.0
3673	0	0.0
3674	0	0.0
3675	1	1.0
3676	0	0.0
3677	0	0.0
3678	0	0.0
3679	0	0.0
3680	1	0.0
3681	0	1.0
3682	1	1.0
3683	0	0.0
3684	1	1.0
3685	1	1.0
3686	0	0.0
3687	0	0.0
3688	0	0.0
3689	1	1.0
3690	1	1.0
3691	1	1.0
3692	0	0.0
3693	1	1.0
3694	1	0.0
3695	1	1.0
3696	0	0.0
3697	0	0.0
3698	1	1.0
3699	1	1.0
3700	2	0.0
3701	0	0.0
3702	0	0.0
3703	0	0.0
3704	1	1.0
3705	2	2.0
3706	1	0.0
3707	1	1.0
3708	1	1.0
3709	0	0.0
3710	0	0.0
3711	0	0.0
3712	1	1.0
3713	2	0.0
3714	0	0.0
3715	0	1.0
3716	1	1.0
3717	0	1.0
3718	0	0.0
3719	0	0.0
3720	0	0.0
3721	0	0.0
3722	1	1.0
3723	2	2.0
3724	1	1.0
3725	0	0.0
3726	1	0.0
3727	0	0.0
3728	1	1.0
3729	1	1.0
3730	1	1.0
3731	0	0.0
3732	0	0.0
3733	1	1.0
3734	1	0.0
3735	1	1.0
3736	0	0.0
3737	0	0.0
3738	0	0.0
3739	0	0.0
3740	0	0.0
3741	0	0.0
3742	1	1.0
3743	2	2.0
3744	0	0.0
3745	0	0.0
3746	0	0.0
3747	0	0.0
3748	1	1.0
3749	1	1.0
3750	0	1.0
3751	0	0.0
3752	1	1.0
3753	1	1.0
3754	0	0.0
3755	1	1.0
3756	0	0.0
3757	0	0.0
3758	1	1.0
3759	1	1.0
3760	2	2.0
3761	0	1.0
3762	0	0.0
3763	1	1.0
3764	1	1.0
3765	0	0.0
3766	0	1.0
3767	1	0.0
3768	0	0.0
3769	1	1.0
3770	2	2.0
3771	1	1.0
3772	0	0.0
3773	2	2.0
3774	2	0.0
3775	0	0.0
3776	0	0.0
3777	0	0.0
3778	2	2.0
3779	1	0.0
3780	0	0.0
3781	0	0.0
3782	0	0.0
3783	1	1.0
3784	2	2.0
3785	0	1.0
3786	0	0.0
3787	1	1.0
3788	1	0.0
3789	0	0.0
3790	1	1.0
3791	1	1.0
3792	0	0.0
3793	0	0.0
3794	2	2.0
3795	1	1.0
3796	0	0.0
3797	0	0.0
3798	0	0.0
3799	0	0.0
3800	0	0.0
3801	1	1.0
3802	0	0.0
3803	1	1.0
3804	2	2.0
3805	1	0.0
3806	0	0.0
3807	0	0.0
3808	1	1.0
3809	0	0.0
3810	0	0.0
3811	0	0.0
3812	0	0.0
3813	0	0.0
3814	0	0.0
3815	1	1.0
3816	0	0.0
3817	1	1.0
3818	1	1.0
3819	1	1.0
3820	1	1.0
3821	1	1.0
3822	2	2.0
3823	2	0.0
3824	0	0.0
3825	0	0.0
3826	2	2.0
3827	2	2.0
3828	0	0.0
3829	0	0.0
3830	0	0.0
3831	0	0.0
3832	0	0.0
3833	1	1.0
3834	1	1.0
3835	0	0.0
3836	0	0.0
3837	0	0.0
3838	1	1.0
3839	0	1.0
3840	0	0.0
3841	0	0.0
3842	2	2.0
3843	1	0.0
3844	1	0.0
3845	1	1.0
3846	2	2.0
3847	1	1.0
3848	0	2.0
3849	0	1.0
3850	2	2.0
3851	0	0.0
3852	0	0.0
3853	1	0.0
3854	0	1.0
3855	1	0.0
3856	0	0.0
3857	0	0.0
3858	0	0.0
3859	0	0.0
3860	0	0.0
3861	1	1.0
3862	1	1.0
3863	2	2.0
3864	0	0.0
3865	1	1.0
3866	1	1.0
3867	2	0.0
3868	0	0.0
3869	0	0.0
3870	0	0.0
3871	0	0.0
3872	0	0.0
3873	1	1.0
3874	0	0.0
3875	1	1.0
3876	0	0.0
3877	1	0.0
3878	2	2.0
3879	1	0.0
3880	0	0.0
3881	1	0.0
3882	1	1.0
3883	2	0.0
3884	2	0.0
3885	0	0.0
3886	0	0.0
3887	0	0.0
3888	1	1.0
3889	0	1.0
3890	0	0.0
3891	0	0.0
3892	0	0.0
3893	0	1.0
3894	2	2.0
3895	0	0.0
3896	1	1.0
3897	1	1.0
3898	1	1.0
3899	0	0.0
3900	1	0.0
3901	1	1.0
3902	0	0.0
3903	0	0.0
3904	0	0.0
3905	0	0.0
3906	2	0.0
3907	2	2.0
3908	0	0.0
3909	0	0.0
3910	0	0.0
3911	1	0.0
3912	0	0.0
3913	0	0.0
3914	1	0.0
3915	0	0.0
3916	1	0.0
3917	1	1.0
3918	0	0.0
3919	0	0.0
3920	0	0.0
3921	0	0.0
3922	0	0.0
3923	0	0.0
3924	0	0.0
3925	1	0.0
3926	1	0.0
3927	0	0.0
3928	1	0.0
3929	0	0.0
3930	1	0.0
3931	0	0.0
3932	0	0.0
3933	0	0.0
3934	0	0.0
3935	1	0.0
3936	0	0.0
3937	0	0.0
3938	1	1.0
3939	0	0.0
3940	0	0.0
3941	0	0.0
3942	1	0.0
3943	0	0.0
3944	0	1.0
3945	0	0.0
3946	0	1.0
3947	1	1.0
3948	0	0.0
3949	0	0.0
3950	0	0.0
3951	1	1.0
3952	2	2.0
3953	1	1.0
3954	2	0.0
3955	0	0.0
3956	0	0.0
3957	1	1.0
3958	0	0.0
3959	0	0.0
3960	0	0.0
3961	0	0.0
3962	0	0.0
3963	1	0.0
3964	0	0.0
3965	0	0.0
3966	0	1.0
3967	0	0.0
3968	0	0.0
3969	0	0.0
3970	0	0.0
3971	2	0.0
3972	0	1.0
3973	0	1.0
3974	0	0.0
3975	0	0.0
3976	0	0.0
3977	0	0.0
3978	0	0.0
3979	0	0.0
3980	0	0.0
3981	1	1.0
3982	1	1.0
3983	0	1.0
3984	0	1.0
3985	0	0.0
3986	0	0.0
3987	0	0.0
3988	0	0.0
3989	1	1.0
3990	1	1.0
3991	0	0.0
3992	0	0.0
3993	1	0.0
3994	2	0.0
3995	1	1.0
3996	0	0.0
3997	0	0.0
3998	0	0.0
3999	0	0.0
4000	0	0.0
4001	0	0.0
4002	0	0.0
4003	0	0.0
4004	0	1.0
4005	1	1.0
4006	0	0.0
4007	0	0.0
4008	0	0.0
4009	0	0.0
4010	0	0.0
4011	0	0.0
4012	1	1.0
4013	0	0.0
4014	0	0.0
4015	0	0.0
4016	0	0.0
4017	1	1.0
4018	0	0.0
4019	1	0.0
4020	0	0.0
4021	0	0.0
4022	0	0.0
4023	0	0.0
4024	0	0.0
4025	0	0.0
4026	1	0.0
4027	0	0.0
4028	0	0.0
4029	0	0.0
4030	1	1.0
4031	0	1.0
4032	1	1.0
4033	0	1.0
4034	1	0.0
4035	0	0.0
4036	0	0.0
4037	0	0.0
4038	1	1.0
4039	0	1.0
4040	1	0.0
4041	1	0.0
4042	1	1.0
4043	1	1.0
4044	1	0.0
4045	0	0.0
4046	0	0.0
4047	1	1.0
4048	0	0.0
4049	1	0.0
4050	0	0.0
4051	2	2.0
4052	1	1.0
4053	2	0.0
4054	0	0.0
4055	0	0.0
4056	0	0.0
4057	1	1.0
4058	0	0.0
4059	2	2.0
4060	1	1.0
4061	0	0.0
4062	2	2.0
4063	1	1.0
4064	0	0.0
4065	0	0.0
4066	0	0.0
4067	1	0.0
4068	2	2.0
4069	0	0.0
4070	0	0.0
4071	0	0.0
4072	2	0.0
4073	0	0.0
4074	0	0.0
4075	1	1.0
4076	2	2.0
4077	0	1.0
4078	0	0.0
4079	0	0.0
4080	0	0.0
4081	1	0.0
4082	0	0.0
4083	0	0.0
4084	0	0.0
4085	2	0.0
4086	0	0.0
4087	0	0.0
4088	1	1.0
4089	2	2.0
4090	1	1.0
4091	0	0.0
4092	0	0.0
4093	0	0.0
4094	0	1.0
4095	0	0.0
4096	0	0.0
4097	0	0.0
4098	1	1.0
4099	0	0.0
4100	0	0.0
4101	0	0.0
4102	0	0.0
4103	0	0.0
4104	1	1.0
4105	1	1.0
4106	0	1.0
4107	0	2.0
4108	0	1.0
4109	0	1.0
4110	1	1.0
4111	1	1.0
4112	0	0.0
4113	1	1.0
4114	1	1.0
4115	1	0.0
4116	0	0.0
4117	2	1.0
4118	0	0.0
4119	0	0.0
4120	0	0.0
4121	2	2.0
4122	0	0.0
4123	0	0.0
4124	0	0.0
4125	1	1.0
4126	2	2.0
4127	0	0.0
4128	0	0.0
4129	0	0.0
4130	0	0.0
4131	0	0.0
4132	0	1.0
4133	0	0.0
4134	0	0.0
4135	0	0.0
4136	0	0.0
4137	0	1.0
4138	0	0.0
4139	0	0.0
4140	0	0.0
4141	0	0.0
4142	0	0.0
4143	0	1.0
4144	0	0.0
4145	0	0.0
4146	1	1.0
4147	1	1.0
4148	1	0.0
4149	0	1.0
4150	0	0.0
4151	0	0.0
4152	0	0.0
4153	1	1.0
4154	2	2.0
4155	1	1.0
4156	2	2.0
4157	0	0.0
4158	0	0.0
4159	0	0.0
4160	0	0.0
4161	0	0.0
4162	2	2.0
4163	0	0.0
4164	2	0.0
4165	1	1.0
4166	0	0.0
4167	0	0.0
4168	0	0.0
4169	0	0.0
4170	0	1.0
4171	0	0.0
4172	0	1.0
4173	0	0.0
4174	0	0.0
4175	2	0.0
4176	2	1.0
4177	0	0.0
4178	0	0.0
4179	1	0.0
4180	1	0.0
4181	1	0.0
4182	1	0.0
4183	0	0.0
4184	0	0.0
4185	0	0.0
4186	0	0.0
4187	1	1.0
4188	1	1.0
4189	0	0.0
4190	1	1.0
4191	1	0.0
4192	0	0.0
4193	0	0.0
4194	0	0.0
4195	1	1.0
4196	0	0.0
4197	1	0.0
4198	1	0.0
4199	2	0.0
4200	0	0.0
4201	0	0.0
4202	1	0.0
4203	0	0.0
4204	1	0.0
4205	0	0.0
4206	1	1.0
4207	0	1.0
4208	1	1.0
4209	1	1.0
4210	2	0.0
4211	0	0.0
4212	0	0.0
4213	0	0.0
4214	0	0.0
4215	0	0.0
4216	0	0.0
4217	0	0.0
4218	0	0.0
4219	1	1.0
4220	0	0.0
4221	1	1.0
4222	2	0.0
4223	0	0.0
4224	0	0.0
4225	0	0.0
4226	2	2.0
4227	0	1.0
4228	0	0.0
4229	0	0.0
4230	1	0.0
4231	0	0.0
4232	0	0.0
4233	0	0.0
4234	0	0.0
4235	0	0.0
4236	1	1.0
4237	2	1.0
4238	0	0.0
4239	0	0.0
4240	0	0.0
4241	0	0.0
4242	1	1.0
4243	2	1.0
4244	1	0.0
4245	0	0.0
4246	1	0.0
4247	1	1.0
4248	0	0.0
4249	0	0.0
4250	0	0.0
4251	0	1.0
4252	1	0.0
4253	0	1.0
4254	0	0.0
4255	0	0.0
4256	2	2.0
4257	0	0.0
4258	0	0.0
4259	0	0.0
4260	0	0.0
4261	0	0.0
4262	1	0.0
4263	1	1.0
4264	2	2.0
4265	1	0.0
4266	0	0.0
4267	0	0.0
4268	1	0.0
4269	2	2.0
4270	1	1.0
4271	0	0.0
4272	1	0.0
4273	0	0.0
4274	1	0.0
4275	2	2.0
4276	0	0.0
4277	0	0.0
4278	1	0.0
4279	0	0.0
4280	0	0.0
4281	0	0.0
4282	1	1.0
4283	0	0.0
4284	0	0.0
4285	0	0.0
4286	0	0.0
4287	2	2.0
4288	1	0.0
4289	2	2.0
4290	0	0.0
4291	0	0.0
4292	1	0.0
4293	0	0.0
4294	0	0.0
4295	0	1.0
4296	0	0.0
4297	0	0.0
4298	1	1.0
4299	0	0.0
4300	0	0.0
4301	1	0.0
4302	1	0.0
4303	2	2.0
4304	1	0.0
4305	0	0.0
4306	1	0.0
4307	1	1.0
4308	2	2.0
4309	0	0.0
4310	0	0.0
4311	0	0.0
4312	0	0.0
4313	0	0.0
4314	1	1.0
4315	0	0.0
4316	1	0.0
4317	0	0.0
4318	1	1.0
4319	1	1.0
4320	0	0.0
4321	0	0.0
4322	0	0.0
4323	0	0.0
4324	0	0.0
4325	0	0.0
4326	1	1.0
4327	0	0.0
4328	0	0.0
4329	0	0.0
4330	1	1.0
4331	0	0.0
4332	0	0.0
4333	0	0.0
4334	0	1.0
4335	2	1.0
4336	1	0.0
4337	0	1.0
4338	0	0.0
4339	1	0.0
4340	2	0.0
4341	0	0.0
4342	0	0.0
4343	0	0.0
4344	0	0.0
4345	0	0.0
4346	0	0.0
4347	1	0.0
4348	0	0.0
4349	0	0.0
4350	0	0.0
4351	0	0.0
4352	0	0.0
4353	0	0.0
4354	0	0.0
4355	0	0.0
4356	1	0.0
4357	0	0.0
4358	1	0.0
4359	0	0.0
4360	0	0.0
4361	0	0.0
4362	0	0.0
4363	2	2.0
4364	1	1.0
4365	2	2.0
4366	0	0.0
4367	0	0.0
4368	0	0.0
4369	0	0.0
4370	1	1.0
4371	0	0.0
4372	1	1.0
4373	0	0.0
4374	1	1.0
4375	1	0.0
4376	2	0.0
4377	1	1.0
4378	0	0.0
4379	0	0.0
4380	1	1.0
4381	0	0.0
4382	0	0.0
4383	0	0.0
4384	0	0.0
4385	1	1.0
4386	0	0.0
4387	2	2.0
4388	2	0.0
4389	1	0.0
4390	0	0.0
4391	0	0.0
4392	0	0.0
4393	1	1.0
4394	0	0.0
4395	0	0.0
4396	0	0.0
4397	0	1.0
4398	0	0.0
4399	1	1.0
4400	2	0.0
4401	0	0.0
4402	0	0.0
4403	0	0.0
4404	1	0.0
4405	0	0.0
4406	0	0.0
4407	1	1.0
4408	2	0.0
4409	0	0.0
4410	0	0.0
4411	0	0.0
4412	1	0.0
4413	0	0.0
4414	0	0.0
4415	0	0.0
4416	0	0.0
4417	1	1.0
4418	2	0.0
4419	0	0.0
4420	0	0.0
4421	0	0.0
4422	0	0.0
4423	1	1.0
4424	0	0.0
4425	0	0.0
4426	0	0.0
4427	1	1.0
4428	0	0.0
4429	0	0.0
4430	0	0.0
4431	0	0.0
4432	0	1.0
4433	0	0.0
4434	1	1.0
4435	0	0.0
4436	0	0.0
4437	1	0.0
4438	1	1.0
4439	2	2.0
4440	0	0.0
4441	0	0.0
4442	2	2.0
4443	1	0.0
4444	0	0.0
4445	0	0.0
4446	0	0.0
4447	0	0.0
4448	0	0.0
4449	0	0.0
4450	1	0.0
4451	0	1.0
4452	0	0.0
4453	0	0.0
4454	0	0.0
4455	1	1.0
4456	2	0.0
4457	0	0.0
4458	0	0.0
4459	0	0.0
4460	0	0.0
4461	0	0.0
4462	1	1.0
4463	0	0.0
4464	0	0.0
4465	1	1.0
4466	1	1.0
4467	2	2.0
4468	0	0.0
4469	1	0.0
4470	0	0.0
4471	0	0.0
4472	1	1.0
4473	0	0.0
4474	1	1.0
4475	0	0.0
4476	0	0.0
4477	1	1.0
4478	0	0.0
4479	0	0.0
4480	1	1.0
4481	2	0.0
4482	1	1.0
4483	0	0.0
4484	0	0.0
4485	0	0.0
4486	0	0.0
4487	1	1.0
4488	2	2.0
4489	0	0.0
4490	0	0.0
4491	0	0.0
4492	0	0.0
4493	1	0.0
4494	1	1.0
4495	0	0.0
4496	0	0.0
4497	0	0.0
4498	1	1.0
4499	2	2.0
4500	2	2.0
4501	1	1.0
4502	0	0.0
4503	2	0.0
4504	0	0.0
4505	0	0.0
4506	1	1.0
4507	0	0.0
4508	0	0.0
4509	0	0.0
4510	1	1.0
4511	0	0.0
4512	1	1.0
4513	0	0.0
4514	1	0.0
4515	0	0.0
4516	0	0.0
4517	0	0.0
4518	0	0.0
4519	0	0.0
4520	0	0.0
4521	0	0.0
4522	1	1.0
4523	0	0.0
4524	0	0.0
4525	0	0.0
4526	0	0.0
4527	0	0.0
4528	1	1.0
4529	1	1.0
4530	2	2.0
4531	0	0.0
4532	1	1.0
4533	0	0.0
4534	0	0.0
4535	0	0.0
4536	0	0.0
4537	0	0.0
4538	0	0.0
4539	0	0.0
4540	0	0.0
4541	1	0.0
4542	2	2.0
4543	1	1.0
4544	0	0.0
4545	0	0.0
4546	0	0.0
4547	1	1.0
4548	1	1.0
4549	1	1.0
4550	2	2.0
4551	0	0.0
4552	0	0.0
4553	1	1.0
4554	0	0.0
4555	1	0.0
4556	0	0.0
4557	0	0.0
4558	1	1.0
4559	0	0.0
4560	0	0.0
4561	0	0.0
4562	0	0.0
4563	1	1.0
4564	0	0.0
4565	0	0.0
4566	1	1.0
4567	0	0.0
4568	2	2.0
4569	0	0.0
4570	1	1.0
4571	2	2.0
4572	1	1.0
4573	0	0.0
4574	0	0.0
4575	0	0.0
4576	2	0.0
4577	1	1.0
4578	1	0.0
4579	0	0.0
4580	0	0.0
4581	2	0.0
4582	1	1.0
4583	2	2.0
4584	1	1.0
4585	1	1.0
4586	0	0.0
4587	1	1.0
4588	0	0.0
4589	0	0.0
4590	0	0.0
4591	1	1.0
4592	0	0.0
4593	0	0.0
4594	0	0.0
4595	0	1.0
4596	0	0.0
4597	0	0.0
4598	0	0.0
4599	0	0.0
4600	0	0.0
4601	1	1.0
4602	0	0.0
4603	0	1.0
4604	2	1.0
4605	0	0.0
4606	0	0.0
4607	0	0.0
4608	0	0.0
4609	1	1.0
4610	0	0.0
4611	0	0.0
4612	0	0.0
4613	0	0.0
4614	0	0.0
4615	0	0.0
4616	0	0.0
4617	1	1.0
4618	0	1.0
4619	0	0.0
4620	0	0.0
4621	0	0.0
4622	1	1.0
4623	0	0.0
4624	0	0.0
4625	0	0.0
4626	0	0.0
4627	0	0.0
4628	1	1.0
4629	0	0.0
4630	1	1.0
4631	1	0.0
4632	0	0.0
4633	2	1.0
4634	1	1.0
4635	0	0.0
4636	0	0.0
4637	1	0.0
4638	1	1.0
4639	0	0.0
4640	1	1.0
4641	0	0.0
4642	1	1.0
4643	0	0.0
4644	0	0.0
4645	0	0.0
4646	0	1.0
4647	0	0.0
4648	0	0.0
4649	0	0.0
4650	1	0.0
4651	0	0.0
4652	1	0.0
4653	0	0.0
4654	1	0.0
4655	0	0.0
4656	0	0.0
4657	0	0.0
4658	1	1.0
4659	2	2.0
4660	1	1.0
4661	1	1.0
4662	1	1.0
4663	0	0.0
4664	0	0.0
4665	1	1.0
4666	0	1.0
4667	0	0.0
4668	0	0.0
4669	0	1.0
4670	1	1.0
4671	0	0.0
4672	0	0.0
4673	0	0.0
4674	0	0.0
4675	0	0.0
4676	1	1.0
4677	0	0.0
4678	0	0.0
4679	0	0.0
4680	0	0.0
4681	2	2.0
4682	0	0.0
4683	0	0.0
4684	1	1.0
4685	0	0.0
4686	0	0.0
4687	0	0.0
4688	1	1.0
4689	1	1.0
4690	1	1.0
4691	1	1.0
4692	1	1.0
4693	0	0.0
4694	2	0.0
4695	1	0.0
4696	1	1.0
4697	0	0.0
4698	1	0.0
4699	0	0.0
4700	2	2.0
4701	1	1.0
4702	0	0.0
4703	0	1.0
4704	0	0.0
4705	0	0.0
4706	1	0.0
4707	2	2.0
4708	1	1.0
4709	0	1.0
4710	1	1.0
4711	0	0.0
4712	1	1.0
4713	0	0.0
4714	0	0.0
4715	0	0.0
4716	1	1.0
4717	0	1.0
4718	0	0.0
4719	0	0.0
4720	0	0.0
4721	0	0.0
4722	1	1.0
4723	0	0.0
4724	0	0.0
4725	0	0.0
4726	0	0.0
4727	0	0.0
4728	0	0.0
4729	1	1.0
4730	0	0.0
4731	0	0.0
4732	1	1.0
4733	0	0.0
4734	0	0.0
4735	0	0.0
4736	0	0.0
4737	0	0.0
4738	0	0.0
4739	0	0.0
4740	1	1.0
4741	2	0.0
4742	0	1.0
4743	1	1.0
4744	2	0.0
4745	1	1.0
4746	0	1.0
4747	0	0.0
4748	0	0.0
4749	0	0.0
4750	0	0.0
4751	0	0.0
4752	0	0.0
4753	0	0.0
4754	0	0.0
4755	2	2.0
4756	0	0.0
4757	0	0.0
4758	1	0.0
4759	1	0.0
4760	1	1.0
4761	1	0.0
4762	0	0.0
4763	1	1.0
4764	1	1.0
4765	0	0.0
4766	1	1.0
4767	0	0.0
4768	0	0.0
4769	0	0.0
4770	1	1.0
4771	1	1.0
4772	0	1.0
4773	1	1.0
4774	0	0.0
4775	1	1.0
4776	1	1.0
4777	0	0.0
4778	1	1.0
4779	1	1.0
4780	0	0.0
4781	0	0.0
4782	0	0.0
4783	0	0.0
4784	0	0.0
4785	0	0.0
4786	0	0.0
4787	0	0.0
4788	0	0.0
4789	0	0.0
4790	0	0.0
4791	0	0.0
4792	0	0.0
4793	0	0.0
4794	0	0.0
4795	0	0.0
4796	0	0.0
4797	0	0.0
4798	0	0.0
4799	0	0.0
4800	0	0.0
4801	0	0.0
4802	0	0.0
4803	0	0.0
4804	0	0.0
4805	0	0.0
4806	0	0.0
4807	0	0.0
4808	0	0.0
4809	0	0.0
4810	0	0.0
4811	0	0.0
4812	0	0.0
4813	0	0.0
4814	0	0.0
4815	0	0.0
4816	0	0.0
4817	0	0.0
4818	0	0.0
4819	0	0.0
4820	0	0.0
4821	0	0.0
4822	0	0.0
4823	0	0.0
4824	0	0.0
4825	0	0.0
4826	0	0.0
4827	0	0.0
4828	0	0.0
4829	0	0.0
4830	0	0.0
4831	0	0.0
4832	0	0.0
4833	0	0.0
4834	0	0.0
4835	0	0.0
4836	0	0.0
4837	0	0.0
4838	0	0.0
4839	0	0.0
4840	0	0.0
4841	0	0.0
4842	0	0.0
4843	0	0.0
4844	0	0.0
4845	0	0.0
4846	0	0.0
4847	0	0.0
4848	0	0.0
4849	0	0.0
4850	0	0.0
4851	0	0.0
4852	0	0.0
4853	0	0.0
4854	0	0.0
4855	0	0.0
4856	0	0.0
4857	0	0.0
4858	0	0.0
4859	0	0.0
4860	0	0.0
4861	0	0.0
4862	0	0.0
4863	0	0.0
4864	0	0.0
4865	0	0.0
4866	0	0.0
4867	0	0.0
4868	0	0.0
4869	0	0.0
4870	0	0.0
4871	0	0.0
4872	0	0.0
4873	0	0.0
4874	0	0.0
4875	0	0.0
4876	0	0.0
4877	0	0.0
4878	0	0.0
4879	0	0.0
4880	0	0.0
4881	0	0.0
4882	0	0.0
4883	0	0.0
4884	0	0.0
4885	0	0.0
4886	0	0.0
4887	0	0.0
4888	0	0.0
4889	0	0.0
4890	0	0.0
4891	0	0.0
4892	0	0.0
4893	0	0.0
4894	0	0.0
4895	0	0.0
4896	0	0.0
4897	0	0.0
4898	0	0.0
4899	0	0.0
4900	0	0.0
4901	0	0.0
4902	0	0.0
4903	0	0.0
4904	0	0.0
4905	0	0.0
4906	0	0.0
